https://fz.lianjia.com/chengjiao/, 1608 ,1608
https://hk.lianjia.com/chengjiao/, 853 ,2461
https://xianyang.lianjia.com/chengjiao/, 2506 ,4967
https://gl.lianjia.com/chengjiao/, 1556 ,6523
https://weihai.lianjia.com/chengjiao/, 1189 ,7712
https://xinxiang.lianjia.com/chengjiao/, 1329 ,9041
https://zhangzhou.lianjia.com/chengjiao/, 2276 ,11317
https://liangshan.lianjia.com/chengjiao/, 684 ,12001
https://nn.lianjia.com/chengjiao/, 1430 ,13431
https://zjk.lianjia.com/chengjiao/, 984 ,14415
https://zj.lianjia.com/chengjiao/, 2383 ,16798
https://qy.lianjia.com/chengjiao/, 1106 ,17904
https://wlmq.lianjia.com/chengjiao/, 328 ,18232
https://jh.lianjia.com/chengjiao/, 609 ,18841
https://baotou.lianjia.com/chengjiao/, 1917 ,20758
https://bd.lianjia.com/chengjiao/, 867 ,21625
https://taizhou.lianjia.com/chengjiao/, 770 ,22395
https://zh.lianjia.com/chengjiao/, 2169 ,24564
https://jining.lianjia.com/chengjiao/, 1075 ,25639
https://fcg.lianjia.com/chengjiao/, 204 ,25843
https://xy.lianjia.com/chengjiao/, 2000 ,27843
https://liuzhou.lianjia.com/chengjiao/, 1232 ,29075
https://dd.lianjia.com/chengjiao/, 2166 ,31241
https://changzhou.lianjia.com/chengjiao/, 2609 ,33850
https://jiangmen.lianjia.com/chengjiao/, 644 ,34494
https://cf.lianjia.com/chengjiao/, 510 ,35004
https://huangshi.lianjia.com/chengjiao/, 1242 ,36246
https://ha.lianjia.com/chengjiao/, 2732 ,38978
https://huzhou.lianjia.com/chengjiao/, 718 ,39696
https://baoji.lianjia.com/chengjiao/, 1161 ,40857
https://hanzhong.lianjia.com/chengjiao/, 1765 ,42622
https://bh.lianjia.com/chengjiao/, 2623 ,45245
https://dazhou.lianjia.com/chengjiao/, 1173 ,46418
https://jiujiang.lianjia.com/chengjiao/, 1217 ,47635
https://changde.lianjia.com/chengjiao/, 726 ,48361
https://zb.lianjia.com/chengjiao/, 2325 ,50686
https://yt.lianjia.com/chengjiao/ba2500ea5000/, 1 ,50687
https://yy.lianjia.com/chengjiao/, 171 ,50858
https://zhanjiang.lianjia.com/chengjiao/, 829 ,51687
https://sr.lianjia.com/chengjiao/, 1919 ,53606
https://yc.lianjia.com/chengjiao/, 1432 ,55038
https://wz.lianjia.com/chengjiao/, 2325 ,57363
https://sx.lianjia.com/chengjiao/, 2982 ,60345
https://nanchong.lianjia.com/chengjiao/, 1892 ,62237
https://zs.lianjia.com/chengjiao/ba312ea625/, 20 ,62257
https://zs.lianjia.com/chengjiao/ba625ea1250/, 1 ,62258
https://xc.lianjia.com/chengjiao/, 2372 ,64630
https://quanzhou.lianjia.com/chengjiao/, 1798 ,66428
https://hrb.lianjia.com/chengjiao/ba312ea625/, 2 ,66430
https://hrb.lianjia.com/chengjiao/ba156ea312/, 183 ,66613
https://luoyang.lianjia.com/chengjiao/ba312ea625/, 12 ,66625
https://hrb.lianjia.com/chengjiao/ba0ea39/, 881 ,67506
https://hrb.lianjia.com/chengjiao/ba78ea117/, 2537 ,70043
https://hrb.lianjia.com/chengjiao/ba117ea156/, 703 ,70746
https://hrb.lianjia.com/chengjiao/ba58ea78/, 2913 ,73659
https://hrb.lianjia.com/chengjiao/ba39ea58/, 2362 ,76021
https://sjz.lianjia.com/chengjiao/ba312ea625/, 16 ,76037
https://sjz.lianjia.com/chengjiao/ba156ea312/, 371 ,76408
https://sjz.lianjia.com/chengjiao/ba117ea156/, 1962 ,78370
https://sjz.lianjia.com/chengjiao/ba0ea39/, 285 ,78655
https://sjz.lianjia.com/chengjiao/ba39ea58/, 1696 ,80351
https://sjz.lianjia.com/chengjiao/ba97ea117/, 1931 ,82282
https://sjz.lianjia.com/chengjiao/ba58ea78/, 2715 ,84997
https://sjz.lianjia.com/chengjiao/ba87ea97/, 2561 ,87558
https://sjz.lianjia.com/chengjiao/ba78ea87/, 1258 ,88816
https://luoyang.lianjia.com/chengjiao/ba156ea312/, 271 ,89087
https://luoyang.lianjia.com/chengjiao/ba78ea117/, 1921 ,91008
https://luoyang.lianjia.com/chengjiao/ba117ea156/, 1108 ,92116
https://luoyang.lianjia.com/chengjiao/ba0ea78/, 1735 ,93851
https://nj.lianjia.com/chengjiao/ba2500ea5000/, 1 ,93852
https://nb.lianjia.com/chengjiao/ba625ea1250/, 6 ,93858
https://nb.lianjia.com/chengjiao/ba312ea625/, 34 ,93892
https://nb.lianjia.com/chengjiao/ba156ea312/, 494 ,94386
https://cc.lianjia.com/chengjiao/ba156ea312/, 406 ,94792
https://cc.lianjia.com/chengjiao/ba312ea625/, 19 ,94811
https://nj.lianjia.com/chengjiao/ba625ea1250/, 1 ,94812
https://nb.lianjia.com/chengjiao/ba0ea39/, 697 ,95509
https://cc.lianjia.com/chengjiao/ba0ea39/, 325 ,95834
https://nb.lianjia.com/chengjiao/ba117ea156/, 1898 ,97732
https://cc.lianjia.com/chengjiao/ba117ea156/, 1625 ,99357
https://hf.lianjia.com/chengjiao/ba625ea1250/, 5 ,5
https://hf.lianjia.com/chengjiao/ba312ea625/, 58 ,63
https://hf.lianjia.com/chengjiao/ba156ea312/, 663 ,726
https://hf.lianjia.com/chengjiao/ba0ea39/, 1113 ,1839
https://hf.lianjia.com/chengjiao/ba117ea136/, 2359 ,4198
https://hf.lianjia.com/chengjiao/ba107ea117/, 1825 ,6023
https://hf.lianjia.com/chengjiao/ba39ea48/, 1582 ,7605
https://hf.lianjia.com/chengjiao/ba89ea92/, 2665 ,10270
https://hf.lianjia.com/chengjiao/ba87ea89/, 2110 ,12380
https://hf.lianjia.com/chengjiao/ba48ea58/, 2149 ,14529
https://hf.lianjia.com/chengjiao/ba92ea97/, 2714 ,17243
https://hf.lianjia.com/chengjiao/ba136ea156/, 1041 ,18284
https://hf.lianjia.com/chengjiao/ba68ea78/, 2565 ,20849
https://hf.lianjia.com/chengjiao/ba58ea68/, 2326 ,23175
https://hf.lianjia.com/chengjiao/ba78ea82/, 1711 ,24886
https://hf.lianjia.com/chengjiao/ba84ea87/, 2121 ,27007
https://hf.lianjia.com/chengjiao/ba82ea84/, 1126 ,28133
https://hf.lianjia.com/chengjiao/ba97ea107/, 2913 ,31046
https://mas.lianjia.com/chengjiao/ba312ea625/, 2 ,31048
https://mas.lianjia.com/chengjiao/ba156ea312/, 68 ,31116
https://mas.lianjia.com/chengjiao/ba0ea78/, 1039 ,32155
https://mas.lianjia.com/chengjiao/ba78ea156/, 2603 ,34758
https://bj.lianjia.com/chengjiao/ba2500ea5000/, 2 ,2
https://bj.lianjia.com/chengjiao/ba1250ea2500/, 5 ,7
https://bj.lianjia.com/chengjiao/ba625ea1250/, 50 ,57
https://bj.lianjia.com/chengjiao/ba312ea625/, 2090 ,2147
https://bj.lianjia.com/chengjiao/ba273ea312/, 2083 ,4230
https://bj.lianjia.com/chengjiao/ba9ea19/, 1487 ,5717
https://bj.lianjia.com/chengjiao/ba234ea253/, 2316 ,8033
https://bj.lianjia.com/chengjiao/ba0ea9/, 1748 ,9781
https://bj.lianjia.com/chengjiao/ba190ea195/, 2033 ,11814
https://bj.lianjia.com/chengjiao/ba253ea273/, 1753 ,13567
https://bj.lianjia.com/chengjiao/ba180ea185/, 2561 ,16128
https://bj.lianjia.com/chengjiao/ba185ea190/, 2299 ,18427
https://bj.lianjia.com/chengjiao/sf1ba56ea57/, 15060 ,33487
https://bj.lianjia.com/chengjiao/sf5ba56ea57/, 111 ,33598
https://bj.lianjia.com/chengjiao/sf5ba54ea55/, 38 ,33636
https://bj.lianjia.com/chengjiao/sf2ba56ea57/, 937 ,34573
https://bj.lianjia.com/chengjiao/sf2ba50ea51/, 731 ,35304
https://bj.lianjia.com/chengjiao/sf2ba54ea55/, 613 ,35917
https://bj.lianjia.com/chengjiao/sf6ba50ea51/, 25 ,35942
https://bj.lianjia.com/chengjiao/sf1ba54ea55/, 13531 ,49473
https://bj.lianjia.com/chengjiao/sf1ba50ea51/, 10078 ,59551
https://bj.lianjia.com/chengjiao/sf5ba50ea51/, 40 ,59591
https://bj.lianjia.com/chengjiao/sf3ba53ea54/, 1 ,59592
https://bj.lianjia.com/chengjiao/sf4ba50ea51/, 1 ,59593
https://bj.lianjia.com/chengjiao/sf1ba53ea54/, 10969 ,70562
https://bj.lianjia.com/chengjiao/sf6ba53ea54/, 24 ,70586
https://bj.lianjia.com/chengjiao/sf2ba53ea54/, 755 ,71341
https://bj.lianjia.com/chengjiao/sf6ba49ea50/, 30 ,71371
https://bj.lianjia.com/chengjiao/sf1ba49ea50/, 7994 ,79365
https://bj.lianjia.com/chengjiao/sf6ba54ea55/, 25 ,79390
https://bj.lianjia.com/chengjiao/sf6ba56ea57/, 23 ,79413
https://bj.lianjia.com/chengjiao/sf2ba51ea52/, 860 ,80273
https://bj.lianjia.com/chengjiao/sf5ba51ea52/, 21 ,80294
https://bj.lianjia.com/chengjiao/sf2ba49ea50/, 663 ,80957
https://bj.lianjia.com/chengjiao/sf6ba51ea52/, 28 ,80985
https://bj.lianjia.com/chengjiao/sf5ba49ea50/, 68 ,81053
https://bj.lianjia.com/chengjiao/sf1ba48ea49/, 7080 ,88133
https://bj.lianjia.com/chengjiao/sf4ba48ea49/, 1 ,88134
https://bj.lianjia.com/chengjiao/sf6ba48ea49/, 56 ,88190
https://bj.lianjia.com/chengjiao/sf5ba48ea49/, 113 ,88303
https://bj.lianjia.com/chengjiao/sf2ba48ea49/, 658 ,88961
https://bj.lianjia.com/chengjiao/sf5ba53ea54/, 109 ,89070
https://bj.lianjia.com/chengjiao/sf1ba57ea58/, 19514 ,108584
https://bj.lianjia.com/chengjiao/sf5ba57ea58/, 83 ,108667
https://bj.lianjia.com/chengjiao/sf2ba57ea58/, 731 ,109398
https://bj.lianjia.com/chengjiao/sf6ba57ea58/, 4 ,109402
https://bj.lianjia.com/chengjiao/ba2500ea5000/, 2 ,2
https://bj.lianjia.com/chengjiao/ba1250ea2500/, 5 ,7
https://bj.lianjia.com/chengjiao/ba625ea1250/, 50 ,57
https://bj.lianjia.com/chengjiao/ba312ea625/, 2090 ,2147
https://bj.lianjia.com/chengjiao/ba273ea312/, 2083 ,4230
https://bj.lianjia.com/chengjiao/ba234ea253/, 2316 ,6546
https://bj.lianjia.com/chengjiao/ba253ea273/, 1753 ,8299
https://bj.lianjia.com/chengjiao/ba190ea195/, 2033 ,10332
https://bj.lianjia.com/chengjiao/ba185ea190/, 2299 ,12631
https://bj.lianjia.com/chengjiao/ba180ea185/, 2561 ,15192
https://bj.lianjia.com/chengjiao/ba214ea224/, 2349 ,17541
https://bj.lianjia.com/chengjiao/ba204ea214/, 2704 ,20245
https://bj.lianjia.com/chengjiao/ba165ea167/, 1804 ,22049
https://bj.lianjia.com/chengjiao/ba167ea170/, 2537 ,24586
https://bj.lianjia.com/chengjiao/ba170ea172/, 1667 ,26253
https://bj.lianjia.com/chengjiao/ba224ea234/, 1797 ,28050
https://bj.lianjia.com/chengjiao/ba172ea175/, 2088 ,30138
https://bj.lianjia.com/chengjiao/sf2ba92ea93/, 89 ,30227
https://bj.lianjia.com/chengjiao/sf3ba92ea93/, 1 ,30228
https://bj.lianjia.com/chengjiao/sf5ba92ea93/, 22 ,30250
https://bj.lianjia.com/chengjiao/sf3ba90ea91/, 6 ,30256
https://bj.lianjia.com/chengjiao/sf6ba90ea91/, 1 ,30257
https://bj.lianjia.com/chengjiao/sf1ba92ea93/, 8756 ,39013
https://bj.lianjia.com/chengjiao/sf6ba92ea93/, 5 ,39018
https://bj.lianjia.com/chengjiao/sf5ba90ea91/, 29 ,39047
https://bj.lianjia.com/chengjiao/sf4ba92ea93/, 1 ,39048
https://bj.lianjia.com/chengjiao/sf4ba90ea91/, 1 ,39049
https://bj.lianjia.com/chengjiao/ba2500ea5000/, 2 ,2
https://bj.lianjia.com/chengjiao/ba625ea1250/, 50 ,52
https://bj.lianjia.com/chengjiao/ba1250ea2500/, 5 ,57
https://bj.lianjia.com/chengjiao/ba312ea625/, 2090 ,2147
https://bj.lianjia.com/chengjiao/sf3ba65ea66/, 4 ,2151
https://bj.lianjia.com/chengjiao/sf6ba65ea66/, 3 ,2154
https://bj.lianjia.com/chengjiao/sf2ba65ea66/, 242 ,2396
https://bj.lianjia.com/chengjiao/sf5ba74ea75/, 31 ,2427
https://bj.lianjia.com/chengjiao/sf1ba74ea75/, 8954 ,11381
https://bj.lianjia.com/chengjiao/sf2ba73ea74/, 140 ,11521
https://bj.lianjia.com/chengjiao/sf2ba74ea75/, 102 ,11623
https://bj.lianjia.com/chengjiao/sf1ba65ea66/, 12225 ,23848
https://bj.lianjia.com/chengjiao/sf1ba73ea74/, 8760 ,32608
https://bj.lianjia.com/chengjiao/sf4ba73ea74/, 1 ,32609
https://bj.lianjia.com/chengjiao/sf1ba48ea49/, 7080 ,39689
https://bj.lianjia.com/chengjiao/sf5ba48ea49/, 113 ,39802
https://bj.lianjia.com/chengjiao/sf5ba65ea66/, 155 ,39957
https://bj.lianjia.com/chengjiao/sf6ba74ea75/, 2 ,39959
https://bj.lianjia.com/chengjiao/sf4ba48ea49/, 1 ,39960
https://bj.lianjia.com/chengjiao/sf2ba50ea51/, 731 ,40691
https://bj.lianjia.com/chengjiao/sf6ba50ea51/, 25 ,40716
https://bj.lianjia.com/chengjiao/ba9ea19/, 1487 ,42203
https://bj.lianjia.com/chengjiao/sf2ba48ea49/, 658 ,42861
https://bj.lianjia.com/chengjiao/ba0ea9/, 1748 ,44609
https://bj.lianjia.com/chengjiao/sf1ba50ea51/, 10078 ,54687
https://bj.lianjia.com/chengjiao/sf5ba77ea78/, 43 ,54730
https://bj.lianjia.com/chengjiao/sf2ba77ea78/, 180 ,54910
https://bj.lianjia.com/chengjiao/sf6ba54ea55/, 25 ,54935
https://bj.lianjia.com/chengjiao/sf5ba54ea55/, 38 ,54973
https://bj.lianjia.com/chengjiao/sf5ba73ea74/, 17 ,54990
https://bj.lianjia.com/chengjiao/sf6ba75ea76/, 4 ,54994
https://bj.lianjia.com/chengjiao/sf6ba77ea78/, 10 ,55004
https://bj.lianjia.com/chengjiao/sf5ba52ea53/, 48 ,55052
https://bj.lianjia.com/chengjiao/sf6ba44ea45/, 98 ,55150
https://bj.lianjia.com/chengjiao/sf4ba45ea46/, 1 ,55151
https://bj.lianjia.com/chengjiao/sf2ba45ea46/, 544 ,55695
https://bj.lianjia.com/chengjiao/sf6ba52ea53/, 13 ,55708
https://bj.lianjia.com/chengjiao/sf3ba77ea78/, 2 ,55710
https://bj.lianjia.com/chengjiao/sf5ba43ea44/, 49 ,55759
https://bj.lianjia.com/chengjiao/sf6ba43ea44/, 114 ,55873
https://bj.lianjia.com/chengjiao/sf1ba43ea44/, 6853 ,62726
https://bj.lianjia.com/chengjiao/sf5ba75ea76/, 42 ,62768
https://bj.lianjia.com/chengjiao/sf2ba43ea44/, 304 ,63072
https://bj.lianjia.com/chengjiao/sf6ba51ea52/, 28 ,63100
https://bj.lianjia.com/chengjiao/sf5ba45ea46/, 109 ,63209
https://bj.lianjia.com/chengjiao/sf6ba45ea46/, 54 ,63263
https://bj.lianjia.com/chengjiao/sf1ba39ea40/, 3499 ,66762
https://bj.lianjia.com/chengjiao/sf6ba39ea40/, 195 ,66957
https://bj.lianjia.com/chengjiao/ba151ea153/, 2794 ,69751
https://bj.lianjia.com/chengjiao/sf5ba39ea40/, 84 ,69835
https://bj.lianjia.com/chengjiao/ba154ea156/, 2259 ,72094
https://bj.lianjia.com/chengjiao/ba149ea151/, 2900 ,74994
https://bj.lianjia.com/chengjiao/sf2ba39ea40/, 408 ,75402
https://bj.lianjia.com/chengjiao/ba148ea149/, 1896 ,77298
https://bj.lianjia.com/chengjiao/ba142ea143/, 2371 ,79669
https://bj.lianjia.com/chengjiao/ba141ea142/, 2439 ,82108
https://bj.lianjia.com/chengjiao/ba153ea154/, 1385 ,83493
https://bj.lianjia.com/chengjiao/ba144ea145/, 2130 ,85623
https://bj.lianjia.com/chengjiao/ba145ea146/, 1707 ,87330
https://bj.lianjia.com/chengjiao/ba143ea144/, 2012 ,89342
https://bj.lianjia.com/chengjiao/ba147ea148/, 1973 ,91315
https://bj.lianjia.com/chengjiao/ba146ea147/, 1586 ,92901
https://bj.lianjia.com/chengjiao/ba140ea141/, 2253 ,95154
https://bj.lianjia.com/chengjiao/sf2ba139ea140/, 11 ,95165
https://bj.lianjia.com/chengjiao/sf5ba139ea140/, 13 ,95178
https://bj.lianjia.com/chengjiao/sf3ba139ea140/, 3 ,95181
https://bj.lianjia.com/chengjiao/ba138ea139/, 2967 ,98148
https://bj.lianjia.com/chengjiao/sf1ba139ea140/, 3145 ,101293
https://bj.lianjia.com/chengjiao/ba136ea137/, 2866 ,104159
https://bj.lianjia.com/chengjiao/ba137ea138/, 2631 ,106790
https://bj.lianjia.com/chengjiao/sf1ba45ea46/, 6988 ,113778
https://bj.lianjia.com/chengjiao/sf5ba50ea51/, 40 ,113818
https://bj.lianjia.com/chengjiao/sf4ba50ea51/, 1 ,113819
https://bj.lianjia.com/chengjiao/sf6ba66ea67/, 3 ,113822
https://bj.lianjia.com/chengjiao/sf6ba67ea68/, 3 ,113825
https://bj.lianjia.com/chengjiao/sf1ba66ea67/, 11835 ,125660
https://bj.lianjia.com/chengjiao/sf3ba66ea67/, 1 ,125661
https://bj.lianjia.com/chengjiao/sf1ba67ea68/, 10731 ,136392
https://bj.lianjia.com/chengjiao/sf5ba67ea68/, 60 ,136452
https://bj.lianjia.com/chengjiao/sf4ba66ea67/, 2 ,136454
https://bj.lianjia.com/chengjiao/sf4ba67ea68/, 1 ,136455
https://bj.lianjia.com/chengjiao/sf6ba122ea123/, 17 ,136472
https://bj.lianjia.com/chengjiao/sf5ba119ea120/, 24 ,136496
https://bj.lianjia.com/chengjiao/sf5ba122ea123/, 23 ,136519
https://bj.lianjia.com/chengjiao/sf2ba67ea68/, 282 ,136801
https://bj.lianjia.com/chengjiao/sf1ba124ea125/, 4442 ,141243
https://bj.lianjia.com/chengjiao/sf2ba66ea67/, 261 ,141504
https://bj.lianjia.com/chengjiao/sf3ba124ea125/, 9 ,141513
https://bj.lianjia.com/chengjiao/sf2ba124ea125/, 19 ,141532
https://bj.lianjia.com/chengjiao/sf5ba124ea125/, 26 ,141558
https://bj.lianjia.com/chengjiao/sf6ba124ea125/, 3 ,141561
https://bj.lianjia.com/chengjiao/sf6ba121ea122/, 7 ,141568
https://bj.lianjia.com/chengjiao/sf5ba118ea119/, 34 ,141602
https://bj.lianjia.com/chengjiao/sf1ba118ea119/, 3693 ,145295
https://bj.lianjia.com/chengjiao/sf2ba118ea119/, 33 ,145328
https://bj.lianjia.com/chengjiao/sf6ba118ea119/, 3 ,145331
https://bj.lianjia.com/chengjiao/sf6ba120ea121/, 7 ,145338
https://bj.lianjia.com/chengjiao/sf1ba120ea121/, 3373 ,148711
https://bj.lianjia.com/chengjiao/sf2ba120ea121/, 51 ,148762
https://bj.lianjia.com/chengjiao/sf1ba125ea126/, 3582 ,152344
https://bj.lianjia.com/chengjiao/sf2ba117ea118/, 30 ,152374
https://bj.lianjia.com/chengjiao/sf5ba125ea126/, 38 ,152412
https://bj.lianjia.com/chengjiao/sf5ba120ea121/, 22 ,152434
https://bj.lianjia.com/chengjiao/sf2ba125ea126/, 10 ,152444
https://bj.lianjia.com/chengjiao/sf5ba117ea118/, 25 ,152469
https://bj.lianjia.com/chengjiao/sf1ba117ea118/, 3466 ,155935
https://bj.lianjia.com/chengjiao/sf2ba121ea122/, 29 ,155964
https://bj.lianjia.com/chengjiao/sf5ba121ea122/, 29 ,155993
https://bj.lianjia.com/chengjiao/sf3ba121ea122/, 4 ,155997
https://bj.lianjia.com/chengjiao/sf1ba121ea122/, 3137 ,159134
https://bj.lianjia.com/chengjiao/sf2ba119ea120/, 25 ,159159
https://bj.lianjia.com/chengjiao/sf1ba122ea123/, 2990 ,162149
https://bj.lianjia.com/chengjiao/sf1ba119ea120/, 3684 ,165833
https://bj.lianjia.com/chengjiao/sf2ba122ea123/, 25 ,165858
https://bj.lianjia.com/chengjiao/sf5ba123ea124/, 24 ,165882
https://bj.lianjia.com/chengjiao/sf1ba123ea124/, 3240 ,169122
https://bj.lianjia.com/chengjiao/sf2ba123ea124/, 32 ,169154
https://bj.lianjia.com/chengjiao/sf5ba66ea67/, 62 ,169216
https://bj.lianjia.com/chengjiao/sf1ba52ea53/, 8668 ,177884
https://bj.lianjia.com/chengjiao/sf4ba52ea53/, 1 ,177885
https://bj.lianjia.com/chengjiao/sf2ba52ea53/, 502 ,178387
https://bj.lianjia.com/chengjiao/sf3ba53ea54/, 1 ,178388
https://bj.lianjia.com/chengjiao/sf1ba53ea54/, 10969 ,189357
https://bj.lianjia.com/chengjiao/sf2ba53ea54/, 755 ,190112
https://bj.lianjia.com/chengjiao/sf5ba53ea54/, 109 ,190221
https://bj.lianjia.com/chengjiao/sf6ba53ea54/, 24 ,190245
https://bj.lianjia.com/chengjiao/sf5ba44ea45/, 35 ,190280
https://bj.lianjia.com/chengjiao/sf2ba44ea45/, 320 ,190600
https://bj.lianjia.com/chengjiao/sf1ba44ea45/, 7216 ,197816
https://bj.lianjia.com/chengjiao/sf6ba48ea49/, 56 ,197872
https://bj.lianjia.com/chengjiao/sf5ba42ea43/, 122 ,197994
https://bj.lianjia.com/chengjiao/sf1ba42ea43/, 7192 ,205186
https://bj.lianjia.com/chengjiao/sf2ba42ea43/, 364 ,205550
https://bj.lianjia.com/chengjiao/sf5ba51ea52/, 21 ,205571
https://bj.lianjia.com/chengjiao/sf6ba42ea43/, 152 ,205723
https://bj.lianjia.com/chengjiao/sf2ba51ea52/, 860 ,206583
https://bj.lianjia.com/chengjiao/sf1ba51ea52/, 8484 ,215067
https://bj.lianjia.com/chengjiao/ba128ea129/, 2931 ,217998
https://bj.lianjia.com/chengjiao/sf4ba127ea128/, 1 ,217999
https://bj.lianjia.com/chengjiao/sf2ba127ea128/, 20 ,218019
https://bj.lianjia.com/chengjiao/sf3ba127ea128/, 4 ,218023
https://bj.lianjia.com/chengjiao/sf5ba127ea128/, 57 ,218080
https://bj.lianjia.com/chengjiao/sf1ba127ea128/, 3026 ,221106
https://bj.lianjia.com/chengjiao/sf6ba126ea127/, 1 ,221107
https://bj.lianjia.com/chengjiao/sf5ba126ea127/, 23 ,221130
https://bj.lianjia.com/chengjiao/sf1ba126ea127/, 3051 ,224181
https://bj.lianjia.com/chengjiao/sf3ba126ea127/, 1 ,224182
https://bj.lianjia.com/chengjiao/sf2ba126ea127/, 22 ,224204
https://bj.lianjia.com/chengjiao/ba130ea131/, 2913 ,227117
https://bj.lianjia.com/chengjiao/ba129ea130/, 2659 ,229776
https://bj.lianjia.com/chengjiao/ba131ea132/, 2624 ,232400
https://bj.lianjia.com/chengjiao/ba132ea133/, 2412 ,234812
https://bj.lianjia.com/chengjiao/ba133ea134/, 2557 ,237369
https://bj.lianjia.com/chengjiao/ba135ea136/, 2535 ,239904
https://bj.lianjia.com/chengjiao/ba134ea135/, 2852 ,242756
https://bj.lianjia.com/chengjiao/sf1ba75ea76/, 8939 ,251695
https://bj.lianjia.com/chengjiao/sf6ba76ea77/, 4 ,251699
https://bj.lianjia.com/chengjiao/sf2ba76ea77/, 152 ,251851
https://bj.lianjia.com/chengjiao/sf4ba76ea77/, 1 ,251852
https://bj.lianjia.com/chengjiao/sf2ba75ea76/, 91 ,251943
https://bj.lianjia.com/chengjiao/sf1ba76ea77/, 8833 ,260776
https://bj.lianjia.com/chengjiao/sf5ba76ea77/, 36 ,260812
https://bj.lianjia.com/chengjiao/sf5ba69ea70/, 57 ,260869
https://bj.lianjia.com/chengjiao/sf3ba69ea70/, 1 ,260870
https://bj.lianjia.com/chengjiao/sf6ba69ea70/, 4 ,260874
https://bj.lianjia.com/chengjiao/sf5ba68ea69/, 28 ,260902
https://bj.lianjia.com/chengjiao/sf6ba68ea69/, 6 ,260908
https://bj.lianjia.com/chengjiao/sf1ba69ea70/, 11619 ,272527
https://bj.lianjia.com/chengjiao/sf4ba69ea70/, 1 ,272528
https://bj.lianjia.com/chengjiao/sf2ba69ea70/, 197 ,272725
https://bj.lianjia.com/chengjiao/sf1ba47ea48/, 8185 ,280910
https://bj.lianjia.com/chengjiao/sf5ba47ea48/, 70 ,280980
https://bj.lianjia.com/chengjiao/sf2ba47ea48/, 499 ,281479
https://bj.lianjia.com/chengjiao/sf6ba47ea48/, 52 ,281531
https://bj.lianjia.com/chengjiao/sf1ba68ea69/, 11868 ,293399
https://bj.lianjia.com/chengjiao/sf2ba68ea69/, 313 ,293712
https://bj.lianjia.com/chengjiao/sf6ba46ea47/, 67 ,293779
https://bj.lianjia.com/chengjiao/sf2ba46ea47/, 868 ,294647
https://bj.lianjia.com/chengjiao/sf1ba46ea47/, 8236 ,302883
https://bj.lianjia.com/chengjiao/sf5ba46ea47/, 122 ,303005
https://bj.lianjia.com/chengjiao/sf5ba41ea42/, 39 ,303044
https://bj.lianjia.com/chengjiao/sf2ba41ea42/, 310 ,303354
https://bj.lianjia.com/chengjiao/sf6ba41ea42/, 137 ,303491
https://bj.lianjia.com/chengjiao/sf1ba41ea42/, 5965 ,309456
https://bj.lianjia.com/chengjiao/sf1ba55ea56/, 12903 ,322359
https://bj.lianjia.com/chengjiao/sf2ba55ea56/, 943 ,323302
https://bj.lianjia.com/chengjiao/sf5ba55ea56/, 56 ,323358
https://bj.lianjia.com/chengjiao/sf6ba55ea56/, 21 ,323379
https://bj.lianjia.com/chengjiao/sf1ba56ea57/, 15060 ,338439
https://bj.lianjia.com/chengjiao/sf2ba56ea57/, 937 ,339376
https://bj.lianjia.com/chengjiao/sf2ba57ea58/, 731 ,340107
https://bj.lianjia.com/chengjiao/sf6ba56ea57/, 23 ,340130
https://bj.lianjia.com/chengjiao/sf6ba57ea58/, 4 ,340134
https://bj.lianjia.com/chengjiao/sf5ba56ea57/, 111 ,340245
https://bj.lianjia.com/chengjiao/sf1ba57ea58/, 19514 ,359759
https://bj.lianjia.com/chengjiao/sf5ba57ea58/, 83 ,359842
https://bj.lianjia.com/chengjiao/sf6ba40ea41/, 198 ,360040
https://bj.lianjia.com/chengjiao/sf1ba40ea41/, 5288 ,365328
https://bj.lianjia.com/chengjiao/sf5ba40ea41/, 42 ,365370
https://bj.lianjia.com/chengjiao/sf2ba40ea41/, 535 ,365905
https://bj.lianjia.com/chengjiao/sf5ba49ea50/, 68 ,365973
https://bj.lianjia.com/chengjiao/sf1ba49ea50/, 7994 ,373967
https://bj.lianjia.com/chengjiao/sf6ba49ea50/, 30 ,373997
https://bj.lianjia.com/chengjiao/sf2ba49ea50/, 663 ,374660
https://bj.lianjia.com/chengjiao/sf6ba60ea61/, 8 ,374668
https://bj.lianjia.com/chengjiao/sf4ba60ea61/, 2 ,374670
https://bj.lianjia.com/chengjiao/sf2ba60ea61/, 753 ,375423
https://bj.lianjia.com/chengjiao/sf6ba62ea63/, 5 ,375428
https://bj.lianjia.com/chengjiao/sf4ba62ea63/, 1 ,375429
https://bj.lianjia.com/chengjiao/sf1ba62ea63/, 14300 ,389729
https://bj.lianjia.com/chengjiao/sf2ba62ea63/, 191 ,389920
https://bj.lianjia.com/chengjiao/sf5ba62ea63/, 76 ,389996
https://bj.lianjia.com/chengjiao/sf2ba61ea62/, 210 ,390206
https://bj.lianjia.com/chengjiao/sf5ba61ea62/, 135 ,390341
https://bj.lianjia.com/chengjiao/sf6ba61ea62/, 11 ,390352
https://bj.lianjia.com/chengjiao/sf1ba61ea62/, 15474 ,405826
https://bj.lianjia.com/chengjiao/sf1ba60ea61/, 16361 ,422187
https://bj.lianjia.com/chengjiao/sf5ba60ea61/, 54 ,422241
https://bj.lianjia.com/chengjiao/ba2500ea5000/, 2 ,2
https://bj.lianjia.com/chengjiao/ba1250ea2500/, 5 ,7
https://bj.lianjia.com/chengjiao/ba625ea1250/, 50 ,57
https://bj.lianjia.com/chengjiao/ba312ea625/, 2090 ,2147
https://bj.lianjia.com/chengjiao/ba2500ea5000/, 2 ,2
https://bj.lianjia.com/chengjiao/ba1250ea2500/, 5 ,7
https://bj.lianjia.com/chengjiao/ba625ea1250/, 50 ,57
https://bj.lianjia.com/chengjiao/ba312ea625/, 2090 ,2147
https://bj.lianjia.com/chengjiao/ba234ea253/, 2316 ,4463
https://bj.lianjia.com/chengjiao/ba253ea273/, 1753 ,6216
https://bj.lianjia.com/chengjiao/ba9ea19/, 1487 ,7703
https://bj.lianjia.com/chengjiao/ba0ea9/, 1748 ,9451
https://bj.lianjia.com/chengjiao/ba19ea24/, 763 ,10214
https://bj.lianjia.com/chengjiao/ba273ea312/, 2083 ,12297
https://bj.lianjia.com/chengjiao/sf5ba68ea69/, 28 ,12325
https://bj.lianjia.com/chengjiao/sf2ba68ea69/, 313 ,12638
https://bj.lianjia.com/chengjiao/sf4ba69ea70/, 1 ,12639
https://bj.lianjia.com/chengjiao/sf6ba69ea70/, 4 ,12643
https://bj.lianjia.com/chengjiao/sf1ba69ea70/, 11619 ,24262
https://bj.lianjia.com/chengjiao/sf2ba69ea70/, 197 ,24459
https://bj.lianjia.com/chengjiao/sf3ba69ea70/, 1 ,24460
https://bj.lianjia.com/chengjiao/sf5ba69ea70/, 57 ,24517
https://bj.lianjia.com/chengjiao/sf1ba68ea69/, 11868 ,36385
https://bj.lianjia.com/chengjiao/sf6ba94ea95/, 1 ,36386
https://bj.lianjia.com/chengjiao/sf6ba68ea69/, 6 ,36392
https://bj.lianjia.com/chengjiao/sf5ba94ea95/, 20 ,36412
https://bj.lianjia.com/chengjiao/sf4ba87ea88/, 2 ,36414
https://bj.lianjia.com/chengjiao/sf3ba87ea88/, 1 ,36415
https://bj.lianjia.com/chengjiao/sf2ba94ea95/, 74 ,36489
https://bj.lianjia.com/chengjiao/sf1ba87ea88/, 11040 ,47529
https://bj.lianjia.com/chengjiao/sf5ba87ea88/, 75 ,47604
https://bj.lianjia.com/chengjiao/sf2ba87ea88/, 160 ,47764
https://bj.lianjia.com/chengjiao/sf2ba88ea89/, 192 ,47956
https://bj.lianjia.com/chengjiao/sf1ba88ea89/, 12556 ,60512
https://bj.lianjia.com/chengjiao/sf3ba88ea89/, 2 ,60514
https://bj.lianjia.com/chengjiao/sf6ba88ea89/, 6 ,60520
https://bj.lianjia.com/chengjiao/sf5ba88ea89/, 26 ,60546
https://bj.lianjia.com/chengjiao/sf1ba94ea95/, 8324 ,68870
https://bj.lianjia.com/chengjiao/sf6ba89ea90/, 3 ,68873
https://bj.lianjia.com/chengjiao/sf3ba89ea90/, 2 ,68875
https://bj.lianjia.com/chengjiao/sf1ba89ea90/, 16304 ,85179
https://bj.lianjia.com/chengjiao/sf5ba89ea90/, 17 ,85196
https://bj.lianjia.com/chengjiao/sf2ba89ea90/, 209 ,85405
https://bj.lianjia.com/chengjiao/sf6ba90ea91/, 1 ,85406
https://bj.lianjia.com/chengjiao/sf5ba90ea91/, 29 ,85435
https://bj.lianjia.com/chengjiao/sf3ba90ea91/, 6 ,85441
https://bj.lianjia.com/chengjiao/sf1ba90ea91/, 11074 ,96515
https://bj.lianjia.com/chengjiao/sf4ba90ea91/, 1 ,96516
https://bj.lianjia.com/chengjiao/sf2ba90ea91/, 148 ,96664
https://bj.lianjia.com/chengjiao/sf2ba91ea92/, 155 ,96819
https://bj.lianjia.com/chengjiao/sf6ba91ea92/, 1 ,96820
https://bj.lianjia.com/chengjiao/sf5ba91ea92/, 19 ,96839
https://bj.lianjia.com/chengjiao/sf1ba91ea92/, 10631 ,107470
https://bj.lianjia.com/chengjiao/sf3ba96ea97/, 1 ,107471
https://bj.lianjia.com/chengjiao/sf5ba96ea97/, 50 ,107521
https://bj.lianjia.com/chengjiao/sf6ba95ea96/, 10 ,107531
https://bj.lianjia.com/chengjiao/sf1ba95ea96/, 7530 ,115061
https://bj.lianjia.com/chengjiao/sf5ba95ea96/, 43 ,115104
https://bj.lianjia.com/chengjiao/sf2ba95ea96/, 63 ,115167
https://bj.lianjia.com/chengjiao/sf2ba96ea97/, 59 ,115226
https://bj.lianjia.com/chengjiao/sf1ba96ea97/, 7848 ,123074
https://bj.lianjia.com/chengjiao/sf6ba92ea93/, 5 ,123079
https://bj.lianjia.com/chengjiao/sf5ba92ea93/, 22 ,123101
https://bj.lianjia.com/chengjiao/sf4ba92ea93/, 1 ,123102
https://bj.lianjia.com/chengjiao/sf3ba92ea93/, 1 ,123103
https://bj.lianjia.com/chengjiao/sf1ba92ea93/, 8760 ,131863
https://bj.lianjia.com/chengjiao/sf6ba93ea94/, 4 ,131867
https://bj.lianjia.com/chengjiao/sf3ba93ea94/, 1 ,131868
https://bj.lianjia.com/chengjiao/sf2ba93ea94/, 129 ,131997
https://bj.lianjia.com/chengjiao/sf1ba93ea94/, 9076 ,141073
https://bj.lianjia.com/chengjiao/sf2ba92ea93/, 89 ,141162
https://bj.lianjia.com/chengjiao/sf5ba93ea94/, 16 ,141178
https://bj.lianjia.com/chengjiao/ba151ea153/, 2795 ,143973
https://bj.lianjia.com/chengjiao/ba146ea147/, 1588 ,145561
https://bj.lianjia.com/chengjiao/ba148ea149/, 1898 ,147459
https://bj.lianjia.com/chengjiao/ba153ea154/, 1386 ,148845
https://bj.lianjia.com/chengjiao/ba149ea151/, 2902 ,151747
https://bj.lianjia.com/chengjiao/ba147ea148/, 1973 ,153720
https://bj.lianjia.com/chengjiao/ba154ea156/, 2259 ,155979
https://bj.lianjia.com/chengjiao/sf5ba64ea65/, 63 ,156042
https://bj.lianjia.com/chengjiao/sf2ba63ea64/, 288 ,156330
https://bj.lianjia.com/chengjiao/sf2ba64ea65/, 280 ,156610
https://bj.lianjia.com/chengjiao/sf5ba63ea64/, 57 ,156667
https://bj.lianjia.com/chengjiao/sf6ba63ea64/, 1 ,156668
https://bj.lianjia.com/chengjiao/sf6ba64ea65/, 9 ,156677
https://bj.lianjia.com/chengjiao/sf2ba58ea59/, 571 ,157248
https://bj.lianjia.com/chengjiao/sf1ba64ea65/, 12885 ,170133
https://bj.lianjia.com/chengjiao/sf1ba63ea64/, 13640 ,183773
https://bj.lianjia.com/chengjiao/sf6ba59ea60/, 129 ,183902
https://bj.lianjia.com/chengjiao/sf1ba58ea59/, 19112 ,203014
https://bj.lianjia.com/chengjiao/sf5ba59ea60/, 413 ,203427
https://bj.lianjia.com/chengjiao/sf1ba59ea60/, 15730 ,219157
https://bj.lianjia.com/chengjiao/sf5ba58ea59/, 94 ,219251
https://bj.lianjia.com/chengjiao/sf2ba59ea60/, 390 ,219641
https://bj.lianjia.com/chengjiao/sf1ba65ea66/, 12230 ,231871
https://bj.lianjia.com/chengjiao/sf2ba65ea66/, 242 ,232113
https://bj.lianjia.com/chengjiao/sf6ba58ea59/, 15 ,232128
https://bj.lianjia.com/chengjiao/sf5ba65ea66/, 155 ,232283
https://bj.lianjia.com/chengjiao/sf6ba65ea66/, 3 ,232286
https://bj.lianjia.com/chengjiao/sf3ba65ea66/, 4 ,232290
https://bj.lianjia.com/chengjiao/sf4ba66ea67/, 2 ,232292
https://bj.lianjia.com/chengjiao/sf6ba66ea67/, 3 ,232295
https://bj.lianjia.com/chengjiao/sf5ba66ea67/, 62 ,232357
https://bj.lianjia.com/chengjiao/sf6ba67ea68/, 3 ,232360
https://bj.lianjia.com/chengjiao/sf5ba67ea68/, 60 ,232420
https://bj.lianjia.com/chengjiao/sf1ba67ea68/, 10737 ,243157
https://bj.lianjia.com/chengjiao/sf2ba67ea68/, 282 ,243439
https://bj.lianjia.com/chengjiao/sf4ba67ea68/, 1 ,243440
https://bj.lianjia.com/chengjiao/sf1ba66ea67/, 11840 ,255280
https://bj.lianjia.com/chengjiao/sf2ba66ea67/, 261 ,255541
https://bj.lianjia.com/chengjiao/sf3ba66ea67/, 1 ,255542
https://bj.lianjia.com/chengjiao/ba142ea143/, 2371 ,257913
https://bj.lianjia.com/chengjiao/ba143ea144/, 2014 ,259927
https://bj.lianjia.com/chengjiao/ba141ea142/, 2441 ,262368
https://bj.lianjia.com/chengjiao/ba26ea29/, 2733 ,265101
https://bj.lianjia.com/chengjiao/ba136ea137/, 2867 ,267968
https://bj.lianjia.com/chengjiao/ba24ea26/, 828 ,268796
https://bj.lianjia.com/chengjiao/ba145ea146/, 1707 ,270503
https://bj.lianjia.com/chengjiao/ba137ea138/, 2632 ,273135
https://bj.lianjia.com/chengjiao/sf6ba75ea76/, 4 ,273139
https://bj.lianjia.com/chengjiao/sf5ba75ea76/, 42 ,273181
https://bj.lianjia.com/chengjiao/sf2ba75ea76/, 91 ,273272
https://bj.lianjia.com/chengjiao/sf1ba75ea76/, 8942 ,282214
https://bj.lianjia.com/chengjiao/ba138ea139/, 2968 ,285182
https://bj.lianjia.com/chengjiao/ba144ea145/, 2131 ,287313
https://bj.lianjia.com/chengjiao/sf6ba74ea75/, 2 ,287315
https://bj.lianjia.com/chengjiao/sf5ba76ea77/, 36 ,287351
https://bj.lianjia.com/chengjiao/sf2ba76ea77/, 152 ,287503
https://bj.lianjia.com/chengjiao/sf6ba76ea77/, 4 ,287507
https://bj.lianjia.com/chengjiao/sf4ba76ea77/, 1 ,287508
https://bj.lianjia.com/chengjiao/sf2ba74ea75/, 102 ,287610
https://bj.lianjia.com/chengjiao/sf1ba74ea75/, 8957 ,296567
https://bj.lianjia.com/chengjiao/sf5ba74ea75/, 31 ,296598
https://bj.lianjia.com/chengjiao/sf1ba76ea77/, 8839 ,305437
https://bj.lianjia.com/chengjiao/ba2500ea5000/, 2 ,2
https://bj.lianjia.com/chengjiao/ba1250ea2500/, 5 ,7
https://bj.lianjia.com/chengjiao/ba625ea1250/, 50 ,57
https://bj.lianjia.com/chengjiao/ba312ea625/, 2090 ,2147
https://bj.lianjia.com/chengjiao/ba273ea312/, 2083 ,4230
https://bj.lianjia.com/chengjiao/ba151ea153/, 2795 ,7025
https://bj.lianjia.com/chengjiao/ba147ea148/, 1973 ,8998
https://bj.lianjia.com/chengjiao/ba149ea151/, 2902 ,11900
https://bj.lianjia.com/chengjiao/ba146ea147/, 1588 ,13488
https://bj.lianjia.com/chengjiao/ba148ea149/, 1898 ,15386
https://bj.lianjia.com/chengjiao/ba132ea133/, 2413 ,17799
https://bj.lianjia.com/chengjiao/ba128ea129/, 2933 ,20732
https://bj.lianjia.com/chengjiao/sf3ba121ea122/, 4 ,20736
https://bj.lianjia.com/chengjiao/ba133ea134/, 2560 ,23296
https://bj.lianjia.com/chengjiao/sf2ba126ea127/, 22 ,23318
https://bj.lianjia.com/chengjiao/sf1ba121ea122/, 3138 ,26456
https://bj.lianjia.com/chengjiao/sf2ba117ea118/, 30 ,26486
https://bj.lianjia.com/chengjiao/sf2ba122ea123/, 25 ,26511
https://bj.lianjia.com/chengjiao/sf5ba126ea127/, 23 ,26534
https://bj.lianjia.com/chengjiao/sf6ba126ea127/, 1 ,26535
https://bj.lianjia.com/chengjiao/sf1ba126ea127/, 3052 ,29587
https://bj.lianjia.com/chengjiao/sf2ba121ea122/, 29 ,29616
https://bj.lianjia.com/chengjiao/sf5ba117ea118/, 25 ,29641
https://bj.lianjia.com/chengjiao/sf3ba126ea127/, 1 ,29642
https://bj.lianjia.com/chengjiao/sf5ba122ea123/, 23 ,29665
https://bj.lianjia.com/chengjiao/sf1ba122ea123/, 2991 ,32656
https://bj.lianjia.com/chengjiao/sf5ba121ea122/, 29 ,32685
https://bj.lianjia.com/chengjiao/sf1ba117ea118/, 3466 ,36151
https://bj.lianjia.com/chengjiao/sf6ba121ea122/, 7 ,36158
https://bj.lianjia.com/chengjiao/ba131ea132/, 2624 ,38782
https://bj.lianjia.com/chengjiao/sf6ba120ea121/, 7 ,38789
https://bj.lianjia.com/chengjiao/sf2ba119ea120/, 25 ,38814
https://bj.lianjia.com/chengjiao/sf2ba120ea121/, 51 ,38865
https://bj.lianjia.com/chengjiao/sf5ba119ea120/, 24 ,38889
https://bj.lianjia.com/chengjiao/sf2ba123ea124/, 32 ,38921
https://bj.lianjia.com/chengjiao/ba130ea131/, 2913 ,41834
https://bj.lianjia.com/chengjiao/ba129ea130/, 2660 ,44494
https://bj.lianjia.com/chengjiao/sf5ba120ea121/, 22 ,44516
https://bj.lianjia.com/chengjiao/sf5ba127ea128/, 57 ,44573
https://bj.lianjia.com/chengjiao/sf6ba118ea119/, 3 ,44576
https://bj.lianjia.com/chengjiao/sf1ba123ea124/, 3240 ,47816
https://bj.lianjia.com/chengjiao/sf1ba119ea120/, 3684 ,51500
https://bj.lianjia.com/chengjiao/sf1ba127ea128/, 3027 ,54527
https://bj.lianjia.com/chengjiao/sf5ba123ea124/, 24 ,54551
https://bj.lianjia.com/chengjiao/sf1ba118ea119/, 3695 ,58246
https://bj.lianjia.com/chengjiao/sf2ba118ea119/, 33 ,58279
https://bj.lianjia.com/chengjiao/sf4ba127ea128/, 1 ,58280
https://bj.lianjia.com/chengjiao/sf2ba127ea128/, 20 ,58300
https://bj.lianjia.com/chengjiao/sf5ba118ea119/, 34 ,58334
https://bj.lianjia.com/chengjiao/sf6ba122ea123/, 17 ,58351
https://bj.lianjia.com/chengjiao/sf3ba127ea128/, 4 ,58355
https://bj.lianjia.com/chengjiao/sf5ba102ea103/, 27 ,58382
https://bj.lianjia.com/chengjiao/sf2ba125ea126/, 10 ,58392
https://bj.lianjia.com/chengjiao/sf2ba102ea103/, 60 ,58452
https://bj.lianjia.com/chengjiao/sf6ba102ea103/, 6 ,58458
https://bj.lianjia.com/chengjiao/sf3ba102ea103/, 3 ,58461
https://bj.lianjia.com/chengjiao/sf1ba125ea126/, 3583 ,62044
https://bj.lianjia.com/chengjiao/sf1ba102ea103/, 6034 ,68078
https://bj.lianjia.com/chengjiao/sf5ba125ea126/, 38 ,68116
https://bj.lianjia.com/chengjiao/sf1ba120ea121/, 3376 ,71492
https://bj.lianjia.com/chengjiao/sf3ba101ea102/, 5 ,71497
https://bj.lianjia.com/chengjiao/sf6ba101ea102/, 1 ,71498
https://bj.lianjia.com/chengjiao/sf4ba100ea101/, 1 ,71499
https://bj.lianjia.com/chengjiao/sf1ba101ea102/, 6146 ,77645
https://bj.lianjia.com/chengjiao/sf2ba100ea101/, 46 ,77691
https://bj.lianjia.com/chengjiao/sf1ba100ea101/, 6285 ,83976
https://bj.lianjia.com/chengjiao/sf5ba101ea102/, 33 ,84009
https://bj.lianjia.com/chengjiao/sf2ba101ea102/, 74 ,84083
https://bj.lianjia.com/chengjiao/sf6ba100ea101/, 2 ,84085
https://bj.lianjia.com/chengjiao/sf5ba100ea101/, 13 ,84098
https://bj.lianjia.com/chengjiao/sf3ba100ea101/, 9 ,84107
https://bj.lianjia.com/chengjiao/ba2500ea5000/, 2 ,2
https://bj.lianjia.com/chengjiao/ba1250ea2500/, 5 ,7
https://bj.lianjia.com/chengjiao/ba625ea1250/, 50 ,57
https://bj.lianjia.com/chengjiao/ba312ea625/, 2090 ,2147
https://bj.lianjia.com/chengjiao/sf6ba74ea75/, 2 ,2149
https://bj.lianjia.com/chengjiao/sf5ba74ea75/, 31 ,2180
https://bj.lianjia.com/chengjiao/sf2ba74ea75/, 102 ,2282
https://bj.lianjia.com/chengjiao/sf1ba74ea75/, 8957 ,11239
https://bj.lianjia.com/chengjiao/sf6ba68ea69/, 6 ,11245
https://bj.lianjia.com/chengjiao/sf5ba68ea69/, 28 ,11273
https://bj.lianjia.com/chengjiao/sf2ba68ea69/, 313 ,11586
https://bj.lianjia.com/chengjiao/sf1ba68ea69/, 11868 ,23454
https://bj.lianjia.com/chengjiao/sf6ba69ea70/, 4 ,23458
https://bj.lianjia.com/chengjiao/sf5ba69ea70/, 57 ,23515
https://bj.lianjia.com/chengjiao/sf4ba69ea70/, 1 ,23516
https://bj.lianjia.com/chengjiao/sf3ba69ea70/, 1 ,23517
https://bj.lianjia.com/chengjiao/sf2ba69ea70/, 197 ,23714
https://bj.lianjia.com/chengjiao/sf1ba69ea70/, 11619 ,35333
https://bj.lianjia.com/chengjiao/sf6ba75ea76/, 4 ,35337
https://bj.lianjia.com/chengjiao/sf5ba75ea76/, 42 ,35379
https://bj.lianjia.com/chengjiao/sf2ba75ea76/, 91 ,35470
https://bj.lianjia.com/chengjiao/sf1ba75ea76/, 8942 ,44412
https://bj.lianjia.com/chengjiao/sf6ba65ea66/, 3 ,44415
https://bj.lianjia.com/chengjiao/sf5ba65ea66/, 155 ,44570
https://bj.lianjia.com/chengjiao/sf3ba65ea66/, 4 ,44574
https://bj.lianjia.com/chengjiao/sf2ba65ea66/, 242 ,44816
https://bj.lianjia.com/chengjiao/sf1ba65ea66/, 12230 ,57046
https://bj.lianjia.com/chengjiao/sf6ba64ea65/, 9 ,57055
https://bj.lianjia.com/chengjiao/sf5ba64ea65/, 63 ,57118
https://bj.lianjia.com/chengjiao/sf2ba64ea65/, 280 ,57398
https://bj.lianjia.com/chengjiao/sf1ba64ea65/, 12885 ,70283
https://bj.lianjia.com/chengjiao/sf6ba63ea64/, 1 ,70284
https://bj.lianjia.com/chengjiao/sf5ba63ea64/, 57 ,70341
https://bj.lianjia.com/chengjiao/sf6ba67ea68/, 3 ,70344
https://bj.lianjia.com/chengjiao/sf5ba67ea68/, 60 ,70404
https://bj.lianjia.com/chengjiao/sf4ba67ea68/, 1 ,70405
https://bj.lianjia.com/chengjiao/sf2ba67ea68/, 282 ,70687
https://bj.lianjia.com/chengjiao/sf1ba67ea68/, 10737 ,81424
https://bj.lianjia.com/chengjiao/sf1ba73ea74/, 8764 ,90188
https://bj.lianjia.com/chengjiao/sf4ba73ea74/, 1 ,90189
https://bj.lianjia.com/chengjiao/sf5ba73ea74/, 17 ,90206
https://bj.lianjia.com/chengjiao/sf2ba73ea74/, 140 ,90346
https://bj.lianjia.com/chengjiao/sf6ba60ea61/, 8 ,90354
https://bj.lianjia.com/chengjiao/sf2ba60ea61/, 753 ,91107
https://bj.lianjia.com/chengjiao/sf5ba60ea61/, 54 ,91161
https://bj.lianjia.com/chengjiao/sf1ba60ea61/, 16364 ,107525
https://bj.lianjia.com/chengjiao/sf4ba60ea61/, 2 ,107527
https://bj.lianjia.com/chengjiao/sf6ba70ea71/, 4 ,107531
https://bj.lianjia.com/chengjiao/sf1ba70ea71/, 10215 ,117746
https://bj.lianjia.com/chengjiao/sf2ba39ea40/, 409 ,118155
https://bj.lianjia.com/chengjiao/sf6ba39ea40/, 195 ,118350
https://bj.lianjia.com/chengjiao/sf6ba43ea44/, 114 ,118464
https://bj.lianjia.com/chengjiao/sf5ba39ea40/, 84 ,118548
https://bj.lianjia.com/chengjiao/sf1ba39ea40/, 3500 ,122048
https://bj.lianjia.com/chengjiao/sf2ba70ea71/, 212 ,122260
https://bj.lianjia.com/chengjiao/sf5ba43ea44/, 49 ,122309
https://bj.lianjia.com/chengjiao/sf6ba51ea52/, 28 ,122337
https://bj.lianjia.com/chengjiao/sf2ba51ea52/, 860 ,123197
https://bj.lianjia.com/chengjiao/sf5ba51ea52/, 21 ,123218
https://bj.lianjia.com/chengjiao/sf1ba51ea52/, 8484 ,131702
https://bj.lianjia.com/chengjiao/sf1ba41ea42/, 5968 ,137670
https://bj.lianjia.com/chengjiao/sf2ba41ea42/, 310 ,137980
https://bj.lianjia.com/chengjiao/sf6ba41ea42/, 137 ,138117
https://bj.lianjia.com/chengjiao/sf5ba41ea42/, 39 ,138156
https://bj.lianjia.com/chengjiao/sf5ba70ea71/, 55 ,138211
https://bj.lianjia.com/chengjiao/sf1ba52ea53/, 8668 ,146879
https://bj.lianjia.com/chengjiao/sf6ba52ea53/, 13 ,146892
https://bj.lianjia.com/chengjiao/sf5ba52ea53/, 48 ,146940
https://bj.lianjia.com/chengjiao/sf2ba52ea53/, 503 ,147443
https://bj.lianjia.com/chengjiao/sf2ba45ea46/, 544 ,147987
https://bj.lianjia.com/chengjiao/sf1ba45ea46/, 6990 ,154977
https://bj.lianjia.com/chengjiao/sf5ba45ea46/, 109 ,155086
https://bj.lianjia.com/chengjiao/sf4ba45ea46/, 1 ,155087
https://bj.lianjia.com/chengjiao/sf6ba45ea46/, 54 ,155141
https://bj.lianjia.com/chengjiao/sf4ba52ea53/, 1 ,155142
https://bj.lianjia.com/chengjiao/sf2ba43ea44/, 304 ,155446
https://bj.lianjia.com/chengjiao/sf1ba43ea44/, 6855 ,162301
https://bj.lianjia.com/chengjiao/sf5ba46ea47/, 122 ,162423
https://bj.lianjia.com/chengjiao/sf2ba46ea47/, 868 ,163291
https://bj.lianjia.com/chengjiao/sf6ba46ea47/, 67 ,163358
https://bj.lianjia.com/chengjiao/sf1ba46ea47/, 8237 ,171595
https://bj.lianjia.com/chengjiao/sf1ba47ea48/, 8189 ,179784
https://bj.lianjia.com/chengjiao/sf2ba47ea48/, 499 ,180283
https://bj.lianjia.com/chengjiao/sf6ba47ea48/, 52 ,180335
https://bj.lianjia.com/chengjiao/sf5ba47ea48/, 70 ,180405
https://bj.lianjia.com/chengjiao/sf6ba53ea54/, 24 ,180429
https://bj.lianjia.com/chengjiao/sf1ba53ea54/, 10973 ,191402
https://bj.lianjia.com/chengjiao/sf3ba53ea54/, 1 ,191403
https://bj.lianjia.com/chengjiao/sf2ba53ea54/, 756 ,192159
https://bj.lianjia.com/chengjiao/sf2ba54ea55/, 614 ,192773
https://bj.lianjia.com/chengjiao/sf1ba54ea55/, 13536 ,206309
https://bj.lianjia.com/chengjiao/sf5ba54ea55/, 38 ,206347
https://bj.lianjia.com/chengjiao/sf5ba53ea54/, 109 ,206456
https://bj.lianjia.com/chengjiao/sf6ba54ea55/, 25 ,206481
https://bj.lianjia.com/chengjiao/sf1ba44ea45/, 7217 ,213698
https://bj.lianjia.com/chengjiao/sf6ba44ea45/, 98 ,213796
https://bj.lianjia.com/chengjiao/sf2ba44ea45/, 320 ,214116
https://bj.lianjia.com/chengjiao/sf5ba44ea45/, 35 ,214151
https://bj.lianjia.com/chengjiao/sf5ba71ea72/, 47 ,214198
https://bj.lianjia.com/chengjiao/sf2ba71ea72/, 200 ,214398
https://bj.lianjia.com/chengjiao/sf4ba71ea72/, 1 ,214399
https://bj.lianjia.com/chengjiao/sf1ba71ea72/, 10685 ,225084
https://bj.lianjia.com/chengjiao/sf3ba71ea72/, 1 ,225085
https://bj.lianjia.com/chengjiao/sf2ba72ea73/, 119 ,225204
https://bj.lianjia.com/chengjiao/sf5ba72ea73/, 27 ,225231
https://bj.lianjia.com/chengjiao/sf6ba72ea73/, 6 ,225237
https://bj.lianjia.com/chengjiao/sf1ba72ea73/, 8466 ,233703
https://bj.lianjia.com/chengjiao/sf6ba71ea72/, 1 ,233704
https://bj.lianjia.com/chengjiao/sf4ba48ea49/, 1 ,233705
https://bj.lianjia.com/chengjiao/sf2ba48ea49/, 659 ,234364
https://bj.lianjia.com/chengjiao/sf5ba48ea49/, 113 ,234477
https://bj.lianjia.com/chengjiao/sf1ba48ea49/, 7080 ,241557
https://bj.lianjia.com/chengjiao/sf6ba49ea50/, 30 ,241587
https://bj.lianjia.com/chengjiao/sf2ba49ea50/, 663 ,242250
https://bj.lianjia.com/chengjiao/sf1ba49ea50/, 7996 ,250246
https://bj.lianjia.com/chengjiao/sf6ba48ea49/, 56 ,250302
https://bj.lianjia.com/chengjiao/sf5ba49ea50/, 68 ,250370
https://bj.lianjia.com/chengjiao/sf4ba62ea63/, 1 ,250371
https://bj.lianjia.com/chengjiao/sf6ba62ea63/, 5 ,250376
https://bj.lianjia.com/chengjiao/sf2ba62ea63/, 191 ,250567
https://bj.lianjia.com/chengjiao/sf1ba62ea63/, 14310 ,264877
https://bj.lianjia.com/chengjiao/sf5ba62ea63/, 76 ,264953
https://bj.lianjia.com/chengjiao/sf1ba40ea41/, 5291 ,270244
https://bj.lianjia.com/chengjiao/sf2ba40ea41/, 535 ,270779
https://bj.lianjia.com/chengjiao/sf5ba40ea41/, 42 ,270821
https://bj.lianjia.com/chengjiao/sf6ba40ea41/, 199 ,271020
https://bj.lianjia.com/chengjiao/sf2ba61ea62/, 210 ,271230
https://bj.lianjia.com/chengjiao/sf5ba61ea62/, 135 ,271365
https://bj.lianjia.com/chengjiao/sf6ba61ea62/, 11 ,271376
https://bj.lianjia.com/chengjiao/sf1ba61ea62/, 15487 ,286863
https://bj.lianjia.com/chengjiao/sf6ba57ea58/, 4 ,286867
https://bj.lianjia.com/chengjiao/sf2ba57ea58/, 731 ,287598
https://bj.lianjia.com/chengjiao/sf1ba57ea58/, 19522 ,307120
https://bj.lianjia.com/chengjiao/sf5ba57ea58/, 83 ,307203
https://bj.lianjia.com/chengjiao/sf1ba56ea57/, 15069 ,322272
https://bj.lianjia.com/chengjiao/sf6ba56ea57/, 23 ,322295
https://bj.lianjia.com/chengjiao/sf2ba56ea57/, 938 ,323233
https://bj.lianjia.com/chengjiao/sf5ba56ea57/, 111 ,323344
https://bj.lianjia.com/chengjiao/sf5ba50ea51/, 40 ,323384
https://bj.lianjia.com/chengjiao/sf1ba55ea56/, 12910 ,336294
https://bj.lianjia.com/chengjiao/sf2ba42ea43/, 364 ,336658
https://bj.lianjia.com/chengjiao/sf4ba50ea51/, 1 ,336659
https://bj.lianjia.com/chengjiao/sf5ba42ea43/, 122 ,336781
https://bj.lianjia.com/chengjiao/sf1ba42ea43/, 7193 ,343974
https://bj.lianjia.com/chengjiao/sf1ba50ea51/, 10081 ,354055
https://bj.lianjia.com/chengjiao/sf6ba42ea43/, 153 ,354208
https://bj.lianjia.com/chengjiao/sf6ba55ea56/, 21 ,354229
https://bj.lianjia.com/chengjiao/sf2ba55ea56/, 943 ,355172
https://bj.lianjia.com/chengjiao/sf2ba50ea51/, 731 ,355903
https://bj.lianjia.com/chengjiao/sf6ba50ea51/, 25 ,355928
https://bj.lianjia.com/chengjiao/sf5ba55ea56/, 56 ,355984
https://bj.lianjia.com/chengjiao/ba2500ea5000/, 2 ,2
https://bj.lianjia.com/chengjiao/ba1250ea2500/, 5 ,7
https://bj.lianjia.com/chengjiao/ba625ea1250/, 50 ,57
https://bj.lianjia.com/chengjiao/ba312ea625/, 2090 ,2147
https://bj.lianjia.com/chengjiao/ba273ea312/, 2083 ,4230
https://bj.lianjia.com/chengjiao/ba253ea273/, 1753 ,5983
https://bj.lianjia.com/chengjiao/ba234ea253/, 2316 ,8299
https://bj.lianjia.com/chengjiao/sf6ba94ea95/, 1 ,8300
https://bj.lianjia.com/chengjiao/sf5ba94ea95/, 20 ,8320
https://bj.lianjia.com/chengjiao/sf1ba94ea95/, 8324 ,16644
https://bj.lianjia.com/chengjiao/sf2ba94ea95/, 74 ,16718
https://bj.lianjia.com/chengjiao/sf6ba89ea90/, 3 ,16721
https://bj.lianjia.com/chengjiao/sf5ba89ea90/, 17 ,16738
https://bj.lianjia.com/chengjiao/sf2ba89ea90/, 209 ,16947
https://bj.lianjia.com/chengjiao/sf3ba89ea90/, 2 ,16949
https://bj.lianjia.com/chengjiao/sf1ba89ea90/, 16304 ,33253
https://bj.lianjia.com/chengjiao/sf5ba87ea88/, 75 ,33328
https://bj.lianjia.com/chengjiao/sf4ba87ea88/, 2 ,33330
https://bj.lianjia.com/chengjiao/sf3ba87ea88/, 1 ,33331
https://bj.lianjia.com/chengjiao/sf2ba87ea88/, 160 ,33491
https://bj.lianjia.com/chengjiao/sf1ba87ea88/, 11040 ,44531
https://bj.lianjia.com/chengjiao/sf6ba88ea89/, 6 ,44537
https://bj.lianjia.com/chengjiao/sf5ba88ea89/, 26 ,44563
https://bj.lianjia.com/chengjiao/sf3ba88ea89/, 2 ,44565
https://bj.lianjia.com/chengjiao/sf2ba88ea89/, 192 ,44757
https://bj.lianjia.com/chengjiao/sf1ba88ea89/, 12556 ,57313
https://bj.lianjia.com/chengjiao/sf6ba102ea103/, 6 ,57319
https://bj.lianjia.com/chengjiao/sf5ba102ea103/, 27 ,57346
https://bj.lianjia.com/chengjiao/sf3ba102ea103/, 3 ,57349
https://bj.lianjia.com/chengjiao/sf2ba102ea103/, 60 ,57409
https://bj.lianjia.com/chengjiao/sf1ba102ea103/, 6034 ,63443
https://bj.lianjia.com/chengjiao/sf6ba92ea93/, 5 ,63448
https://bj.lianjia.com/chengjiao/sf4ba92ea93/, 1 ,63449
https://bj.lianjia.com/chengjiao/sf5ba92ea93/, 22 ,63471
https://bj.lianjia.com/chengjiao/sf3ba92ea93/, 1 ,63472
https://bj.lianjia.com/chengjiao/sf6ba100ea101/, 2 ,63474
https://bj.lianjia.com/chengjiao/sf5ba100ea101/, 13 ,63487
https://bj.lianjia.com/chengjiao/sf4ba100ea101/, 1 ,63488
https://bj.lianjia.com/chengjiao/sf3ba100ea101/, 9 ,63497
https://bj.lianjia.com/chengjiao/sf2ba100ea101/, 46 ,63543
https://bj.lianjia.com/chengjiao/sf1ba100ea101/, 6285 ,69828
https://bj.lianjia.com/chengjiao/sf6ba101ea102/, 1 ,69829
https://bj.lianjia.com/chengjiao/sf6ba95ea96/, 10 ,69839
https://bj.lianjia.com/chengjiao/sf5ba95ea96/, 43 ,69882
https://bj.lianjia.com/chengjiao/sf2ba95ea96/, 63 ,69945
https://bj.lianjia.com/chengjiao/sf1ba95ea96/, 7530 ,77475
https://bj.lianjia.com/chengjiao/sf3ba98ea99/, 1 ,77476
https://bj.lianjia.com/chengjiao/sf1ba99ea100/, 6476 ,83952
https://bj.lianjia.com/chengjiao/sf1ba97ea98/, 7453 ,91405
https://bj.lianjia.com/chengjiao/sf6ba99ea100/, 4 ,91409
https://bj.lianjia.com/chengjiao/sf1ba98ea99/, 7508 ,98917
https://bj.lianjia.com/chengjiao/sf5ba103ea104/, 35 ,98952
https://bj.lianjia.com/chengjiao/sf5ba98ea99/, 21 ,98973
https://bj.lianjia.com/chengjiao/sf2ba104ea105/, 57 ,99030
https://bj.lianjia.com/chengjiao/sf6ba97ea98/, 1 ,99031
https://bj.lianjia.com/chengjiao/sf2ba103ea104/, 82 ,99113
https://bj.lianjia.com/chengjiao/sf3ba103ea104/, 7 ,99120
https://bj.lianjia.com/chengjiao/sf6ba98ea99/, 5 ,99125
https://bj.lianjia.com/chengjiao/sf1ba104ea105/, 5219 ,104344
https://bj.lianjia.com/chengjiao/sf2ba98ea99/, 57 ,104401
https://bj.lianjia.com/chengjiao/sf1ba103ea104/, 4977 ,109378
https://bj.lianjia.com/chengjiao/sf6ba103ea104/, 3 ,109381
https://bj.lianjia.com/chengjiao/sf5ba99ea100/, 34 ,109415
https://bj.lianjia.com/chengjiao/sf5ba97ea98/, 30 ,109445
https://bj.lianjia.com/chengjiao/sf5ba104ea105/, 109 ,109554
https://bj.lianjia.com/chengjiao/sf6ba114ea115/, 1 ,109555
https://bj.lianjia.com/chengjiao/sf1ba114ea115/, 3268 ,112823
https://bj.lianjia.com/chengjiao/sf5ba114ea115/, 37 ,112860
https://bj.lianjia.com/chengjiao/sf3ba107ea108/, 4 ,112864
https://bj.lianjia.com/chengjiao/sf2ba107ea108/, 30 ,112894
https://bj.lianjia.com/chengjiao/sf2ba114ea115/, 24 ,112918
https://bj.lianjia.com/chengjiao/sf1ba107ea108/, 4247 ,117165
https://bj.lianjia.com/chengjiao/sf2ba97ea98/, 88 ,117253
https://bj.lianjia.com/chengjiao/sf5ba116ea117/, 21 ,117274
https://bj.lianjia.com/chengjiao/sf2ba99ea100/, 20 ,117294
https://bj.lianjia.com/chengjiao/sf5ba107ea108/, 58 ,117352
https://bj.lianjia.com/chengjiao/sf6ba107ea108/, 1 ,117353
https://bj.lianjia.com/chengjiao/sf6ba83ea84/, 2 ,117355
https://bj.lianjia.com/chengjiao/sf6ba84ea85/, 1 ,117356
https://bj.lianjia.com/chengjiao/sf5ba84ea85/, 85 ,117441
https://bj.lianjia.com/chengjiao/sf2ba83ea84/, 185 ,117626
https://bj.lianjia.com/chengjiao/sf3ba84ea85/, 3 ,117629
https://bj.lianjia.com/chengjiao/sf5ba83ea84/, 61 ,117690
https://bj.lianjia.com/chengjiao/sf1ba83ea84/, 8117 ,125807
https://bj.lianjia.com/chengjiao/sf1ba84ea85/, 8037 ,133844
https://bj.lianjia.com/chengjiao/sf1ba85ea86/, 9854 ,143698
https://bj.lianjia.com/chengjiao/sf2ba85ea86/, 144 ,143842
https://bj.lianjia.com/chengjiao/sf5ba85ea86/, 80 ,143922
https://bj.lianjia.com/chengjiao/sf2ba84ea85/, 169 ,144091
https://bj.lianjia.com/chengjiao/sf1ba86ea87/, 9968 ,154059
https://bj.lianjia.com/chengjiao/sf2ba86ea87/, 117 ,154176
https://bj.lianjia.com/chengjiao/sf2ba82ea83/, 157 ,154333
https://bj.lianjia.com/chengjiao/sf5ba82ea83/, 14 ,154347
https://bj.lianjia.com/chengjiao/sf1ba82ea83/, 7374 ,161721
https://bj.lianjia.com/chengjiao/sf5ba86ea87/, 52 ,161773
https://bj.lianjia.com/chengjiao/sf3ba82ea83/, 5 ,161778
https://bj.lianjia.com/chengjiao/sf6ba82ea83/, 2 ,161780
https://bj.lianjia.com/chengjiao/sf1ba116ea117/, 3284 ,165064
https://bj.lianjia.com/chengjiao/sf2ba116ea117/, 29 ,165093
https://bj.lianjia.com/chengjiao/sf6ba104ea105/, 5 ,165098
https://bj.lianjia.com/chengjiao/sf5ba115ea116/, 26 ,165124
https://bj.lianjia.com/chengjiao/sf6ba115ea116/, 3 ,165127
https://bj.lianjia.com/chengjiao/sf1ba115ea116/, 3332 ,168459
https://bj.lianjia.com/chengjiao/sf2ba115ea116/, 23 ,168482
https://bj.lianjia.com/chengjiao/sf2ba113ea114/, 29 ,168511
https://bj.lianjia.com/chengjiao/sf3ba113ea114/, 2 ,168513
https://bj.lianjia.com/chengjiao/sf5ba113ea114/, 61 ,168574
https://bj.lianjia.com/chengjiao/sf1ba113ea114/, 3347 ,171921
https://bj.lianjia.com/chengjiao/sf2ba108ea109/, 64 ,171985
https://bj.lianjia.com/chengjiao/sf5ba108ea109/, 56 ,172041
https://bj.lianjia.com/chengjiao/sf1ba108ea109/, 4520 ,176561
https://bj.lianjia.com/chengjiao/sf6ba108ea109/, 1 ,176562
https://bj.lianjia.com/chengjiao/sf3ba108ea109/, 1 ,176563
https://bj.lianjia.com/chengjiao/sf2ba112ea113/, 27 ,176590
https://bj.lianjia.com/chengjiao/sf5ba109ea110/, 54 ,176644
https://bj.lianjia.com/chengjiao/sf2ba109ea110/, 35 ,176679
https://bj.lianjia.com/chengjiao/sf5ba112ea113/, 60 ,176739
https://bj.lianjia.com/chengjiao/sf3ba112ea113/, 3 ,176742
https://bj.lianjia.com/chengjiao/sf1ba109ea110/, 3968 ,180710
https://bj.lianjia.com/chengjiao/sf1ba112ea113/, 3654 ,184364
https://bj.lianjia.com/chengjiao/sf6ba80ea81/, 4 ,184368
https://bj.lianjia.com/chengjiao/sf1ba80ea81/, 8695 ,193063
https://bj.lianjia.com/chengjiao/sf3ba80ea81/, 1 ,193064
https://bj.lianjia.com/chengjiao/sf2ba80ea81/, 157 ,193221
https://bj.lianjia.com/chengjiao/sf5ba80ea81/, 72 ,193293
https://bj.lianjia.com/chengjiao/sf1ba81ea82/, 8235 ,201528
https://bj.lianjia.com/chengjiao/sf5ba81ea82/, 47 ,201575
https://bj.lianjia.com/chengjiao/sf2ba81ea82/, 100 ,201675
https://bj.lianjia.com/chengjiao/sf6ba81ea82/, 2 ,201677
https://bj.lianjia.com/chengjiao/sf5ba79ea80/, 70 ,201747
https://bj.lianjia.com/chengjiao/sf1ba79ea80/, 7786 ,209533
https://bj.lianjia.com/chengjiao/sf6ba79ea80/, 1 ,209534
https://bj.lianjia.com/chengjiao/sf4ba79ea80/, 1 ,209535
https://bj.lianjia.com/chengjiao/sf2ba79ea80/, 247 ,209782
https://bj.lianjia.com/chengjiao/sf4ba78ea79/, 1 ,209783
https://bj.lianjia.com/chengjiao/sf2ba78ea79/, 149 ,209932
https://bj.lianjia.com/chengjiao/sf1ba78ea79/, 7774 ,217706
https://bj.lianjia.com/chengjiao/ba1250ea2500/, 5 ,5
https://bj.lianjia.com/chengjiao/ba2500ea5000/, 2 ,7
https://bj.lianjia.com/chengjiao/ba625ea1250/, 51 ,58
https://bj.lianjia.com/chengjiao/ba312ea625/, 2142 ,2200
https://bj.lianjia.com/chengjiao/ba273ea312/, 2130 ,4330
https://bj.lianjia.com/chengjiao/ba253ea273/, 1782 ,6112
https://bj.lianjia.com/chengjiao/ba2500ea5000/, 2 ,2
https://bj.lianjia.com/chengjiao/ba1250ea2500/, 5 ,7
https://bj.lianjia.com/chengjiao/ba625ea1250/, 51 ,58
https://bj.lianjia.com/chengjiao/ba273ea312/, 2128 ,2186
https://bj.lianjia.com/chengjiao/ba312ea625/, 2142 ,4328
https://bj.lianjia.com/chengjiao/ba9ea19/, 1516 ,5844
https://bj.lianjia.com/chengjiao/ba253ea273/, 1782 ,7626
https://bj.lianjia.com/chengjiao/ba234ea253/, 2346 ,9972
https://bj.lianjia.com/chengjiao/ba0ea9/, 1750 ,11722
https://bj.lianjia.com/chengjiao/ba19ea24/, 768 ,12490
https://bj.lianjia.com/chengjiao/ba224ea234/, 1823 ,14313
https://bj.lianjia.com/chengjiao/ba214ea224/, 2383 ,16696
https://bj.lianjia.com/chengjiao/sf2ba122ea123/, 25 ,16721
https://bj.lianjia.com/chengjiao/sf6ba122ea123/, 17 ,16738
https://bj.lianjia.com/chengjiao/sf5ba122ea123/, 24 ,16762
https://bj.lianjia.com/chengjiao/sf1ba122ea123/, 3019 ,19781
https://bj.lianjia.com/chengjiao/sf6ba118ea119/, 3 ,19784
https://bj.lianjia.com/chengjiao/ba34ea35/, 2418 ,22202
https://bj.lianjia.com/chengjiao/ba35ea36/, 2587 ,24789
https://bj.lianjia.com/chengjiao/sf6ba93ea94/, 4 ,24793
https://bj.lianjia.com/chengjiao/sf3ba93ea94/, 1 ,24794
https://bj.lianjia.com/chengjiao/sf5ba93ea94/, 16 ,24810
https://bj.lianjia.com/chengjiao/sf1ba93ea94/, 9168 ,33978
https://bj.lianjia.com/chengjiao/sf2ba93ea94/, 132 ,34110
https://bj.lianjia.com/chengjiao/sf6ba78ea79/, 6 ,34116
https://bj.lianjia.com/chengjiao/sf5ba78ea79/, 29 ,34145
https://bj.lianjia.com/chengjiao/sf6ba79ea80/, 1 ,34146
https://bj.lianjia.com/chengjiao/sf1ba94ea95/, 8410 ,42556
https://bj.lianjia.com/chengjiao/sf5ba79ea80/, 71 ,42627
https://bj.lianjia.com/chengjiao/sf6ba94ea95/, 1 ,42628
https://bj.lianjia.com/chengjiao/sf3ba92ea93/, 1 ,42629
https://bj.lianjia.com/chengjiao/sf2ba92ea93/, 91 ,42720
https://bj.lianjia.com/chengjiao/sf1ba96ea97/, 7921 ,50641
https://bj.lianjia.com/chengjiao/sf2ba94ea95/, 75 ,50716
https://bj.lianjia.com/chengjiao/sf6ba95ea96/, 10 ,50726
https://bj.lianjia.com/chengjiao/ba133ea134/, 2584 ,53310
https://bj.lianjia.com/chengjiao/sf6ba92ea93/, 5 ,53315
https://bj.lianjia.com/chengjiao/sf4ba78ea79/, 1 ,53316
https://bj.lianjia.com/chengjiao/sf1ba95ea96/, 7597 ,60913
https://bj.lianjia.com/chengjiao/sf6ba82ea83/, 2 ,60915
https://bj.lianjia.com/chengjiao/sf3ba96ea97/, 1 ,60916
https://bj.lianjia.com/chengjiao/sf2ba95ea96/, 64 ,60980
https://bj.lianjia.com/chengjiao/sf5ba82ea83/, 15 ,60995
https://bj.lianjia.com/chengjiao/sf2ba82ea83/, 156 ,61151
https://bj.lianjia.com/chengjiao/sf1ba82ea83/, 7445 ,68596
https://bj.lianjia.com/chengjiao/sf2ba96ea97/, 62 ,68658
https://bj.lianjia.com/chengjiao/sf5ba94ea95/, 21 ,68679
https://bj.lianjia.com/chengjiao/sf5ba96ea97/, 50 ,68729
https://bj.lianjia.com/chengjiao/sf4ba92ea93/, 1 ,68730
https://bj.lianjia.com/chengjiao/sf3ba82ea83/, 5 ,68735
https://bj.lianjia.com/chengjiao/sf5ba95ea96/, 44 ,68779
https://bj.lianjia.com/chengjiao/sf1ba92ea93/, 8850 ,77629
https://bj.lianjia.com/chengjiao/sf6ba83ea84/, 2 ,77631
https://bj.lianjia.com/chengjiao/sf5ba83ea84/, 61 ,77692
https://bj.lianjia.com/chengjiao/sf2ba83ea84/, 185 ,77877
https://bj.lianjia.com/chengjiao/sf1ba83ea84/, 8195 ,86072
https://bj.lianjia.com/chengjiao/ba134ea135/, 2879 ,88951
https://bj.lianjia.com/chengjiao/sf1ba106ea107/, 4708 ,93659
https://bj.lianjia.com/chengjiao/ba135ea136/, 2555 ,96214
https://bj.lianjia.com/chengjiao/sf5ba92ea93/, 23 ,96237
https://bj.lianjia.com/chengjiao/sf2ba106ea107/, 48 ,96285
https://bj.lianjia.com/chengjiao/sf5ba106ea107/, 44 ,96329
https://bj.lianjia.com/chengjiao/sf3ba106ea107/, 1 ,96330
https://bj.lianjia.com/chengjiao/sf1ba105ea106/, 4628 ,100958
https://bj.lianjia.com/chengjiao/sf2ba105ea106/, 47 ,101005
https://bj.lianjia.com/chengjiao/sf5ba105ea106/, 44 ,101049
https://bj.lianjia.com/chengjiao/sf3ba105ea106/, 9 ,101058
https://bj.lianjia.com/chengjiao/sf6ba104ea105/, 5 ,101063
https://bj.lianjia.com/chengjiao/sf2ba104ea105/, 59 ,101122
https://bj.lianjia.com/chengjiao/sf5ba104ea105/, 110 ,101232
https://bj.lianjia.com/chengjiao/sf1ba104ea105/, 5260 ,106492
https://bj.lianjia.com/chengjiao/sf4ba79ea80/, 1 ,106493
https://bj.lianjia.com/chengjiao/sf1ba79ea80/, 7871 ,114364
https://bj.lianjia.com/chengjiao/sf2ba79ea80/, 250 ,114614
https://bj.lianjia.com/chengjiao/sf1ba78ea79/, 7875 ,122489
https://bj.lianjia.com/chengjiao/sf2ba78ea79/, 152 ,122641
https://bj.lianjia.com/chengjiao/ba132ea133/, 2436 ,125077
https://bj.lianjia.com/chengjiao/sf6ba102ea103/, 6 ,125083
https://bj.lianjia.com/chengjiao/sf2ba102ea103/, 60 ,125143
https://bj.lianjia.com/chengjiao/sf5ba102ea103/, 27 ,125170
https://bj.lianjia.com/chengjiao/ba131ea132/, 2639 ,127809
https://bj.lianjia.com/chengjiao/sf5ba103ea104/, 35 ,127844
https://bj.lianjia.com/chengjiao/sf3ba103ea104/, 7 ,127851
https://bj.lianjia.com/chengjiao/sf3ba102ea103/, 3 ,127854
https://bj.lianjia.com/chengjiao/sf6ba103ea104/, 3 ,127857
https://bj.lianjia.com/chengjiao/sf1ba102ea103/, 6072 ,133929
https://bj.lianjia.com/chengjiao/sf2ba103ea104/, 82 ,134011
https://bj.lianjia.com/chengjiao/sf1ba103ea104/, 5025 ,139036
https://bj.lianjia.com/chengjiao/sf2ba126ea127/, 22 ,139058
https://bj.lianjia.com/chengjiao/sf1ba126ea127/, 3089 ,142147
https://bj.lianjia.com/chengjiao/ba129ea130/, 2681 ,144828
https://bj.lianjia.com/chengjiao/sf6ba126ea127/, 1 ,144829
https://bj.lianjia.com/chengjiao/ba130ea131/, 2955 ,147784
https://bj.lianjia.com/chengjiao/sf3ba126ea127/, 1 ,147785
https://bj.lianjia.com/chengjiao/sf5ba126ea127/, 23 ,147808
https://bj.lianjia.com/chengjiao/ba128ea129/, 2959 ,150767
https://bj.lianjia.com/chengjiao/sf2ba127ea128/, 20 ,150787
https://bj.lianjia.com/chengjiao/sf1ba127ea128/, 3061 ,153848
https://bj.lianjia.com/chengjiao/sf5ba127ea128/, 57 ,153905
https://bj.lianjia.com/chengjiao/sf4ba127ea128/, 1 ,153906
https://bj.lianjia.com/chengjiao/sf3ba127ea128/, 4 ,153910
https://bj.lianjia.com/chengjiao/sf6ba84ea85/, 1 ,153911
https://bj.lianjia.com/chengjiao/sf1ba84ea85/, 8127 ,162038
https://bj.lianjia.com/chengjiao/sf3ba84ea85/, 3 ,162041
https://bj.lianjia.com/chengjiao/sf5ba85ea86/, 82 ,162123
https://bj.lianjia.com/chengjiao/sf5ba86ea87/, 53 ,162176
https://bj.lianjia.com/chengjiao/sf2ba84ea85/, 169 ,162345
https://bj.lianjia.com/chengjiao/sf1ba86ea87/, 10085 ,172430
https://bj.lianjia.com/chengjiao/sf2ba86ea87/, 116 ,172546
https://bj.lianjia.com/chengjiao/sf6ba75ea76/, 4 ,172550
https://bj.lianjia.com/chengjiao/sf5ba84ea85/, 86 ,172636
https://bj.lianjia.com/chengjiao/sf2ba85ea86/, 145 ,172781
https://bj.lianjia.com/chengjiao/sf2ba75ea76/, 91 ,172872
https://bj.lianjia.com/chengjiao/sf1ba75ea76/, 9056 ,181928
https://bj.lianjia.com/chengjiao/sf3ba69ea70/, 1 ,181929
https://bj.lianjia.com/chengjiao/sf6ba69ea70/, 4 ,181933
https://bj.lianjia.com/chengjiao/sf5ba69ea70/, 57 ,181990
https://bj.lianjia.com/chengjiao/sf4ba69ea70/, 1 ,181991
https://bj.lianjia.com/chengjiao/sf1ba69ea70/, 11737 ,193728
https://bj.lianjia.com/chengjiao/sf2ba69ea70/, 200 ,193928
https://bj.lianjia.com/chengjiao/sf6ba70ea71/, 4 ,193932
https://bj.lianjia.com/chengjiao/sf2ba70ea71/, 218 ,194150
https://bj.lianjia.com/chengjiao/sf1ba70ea71/, 10309 ,204459
https://bj.lianjia.com/chengjiao/sf5ba70ea71/, 56 ,204515
https://bj.lianjia.com/chengjiao/sf4ba73ea74/, 1 ,204516
https://bj.lianjia.com/chengjiao/sf1ba73ea74/, 8843 ,213359
https://bj.lianjia.com/chengjiao/sf5ba73ea74/, 18 ,213377
https://bj.lianjia.com/chengjiao/sf5ba75ea76/, 43 ,213420
https://bj.lianjia.com/chengjiao/sf2ba73ea74/, 142 ,213562
https://bj.lianjia.com/chengjiao/sf1ba85ea86/, 9974 ,223536
https://bj.lianjia.com/chengjiao/sf6ba71ea72/, 1 ,223537
https://bj.lianjia.com/chengjiao/sf1ba71ea72/, 10770 ,234307
https://bj.lianjia.com/chengjiao/sf5ba72ea73/, 27 ,234334
https://bj.lianjia.com/chengjiao/sf4ba71ea72/, 1 ,234335
https://bj.lianjia.com/chengjiao/sf2ba72ea73/, 120 ,234455
https://bj.lianjia.com/chengjiao/sf3ba71ea72/, 1 ,234456
https://bj.lianjia.com/chengjiao/sf6ba72ea73/, 6 ,234462
https://bj.lianjia.com/chengjiao/sf5ba71ea72/, 47 ,234509
https://bj.lianjia.com/chengjiao/sf1ba72ea73/, 8536 ,243045
https://bj.lianjia.com/chengjiao/sf2ba71ea72/, 201 ,243246
https://bj.lianjia.com/chengjiao/sf2ba68ea69/, 315 ,243561
https://bj.lianjia.com/chengjiao/sf5ba68ea69/, 30 ,243591
https://bj.lianjia.com/chengjiao/sf6ba68ea69/, 6 ,243597
https://bj.lianjia.com/chengjiao/sf1ba68ea69/, 11992 ,255589
https://bj.lianjia.com/chengjiao/sf6ba74ea75/, 2 ,255591
https://bj.lianjia.com/chengjiao/sf1ba74ea75/, 9054 ,264645
https://bj.lianjia.com/chengjiao/sf5ba74ea75/, 31 ,264676
https://bj.lianjia.com/chengjiao/sf6ba77ea78/, 10 ,264686
https://bj.lianjia.com/chengjiao/sf2ba77ea78/, 184 ,264870
https://bj.lianjia.com/chengjiao/sf2ba74ea75/, 102 ,264972
https://bj.lianjia.com/chengjiao/sf1ba77ea78/, 7989 ,272961
https://bj.lianjia.com/chengjiao/sf5ba77ea78/, 43 ,273004
https://bj.lianjia.com/chengjiao/sf3ba77ea78/, 2 ,273006
https://bj.lianjia.com/chengjiao/sf1ba76ea77/, 8931 ,281937
https://bj.lianjia.com/chengjiao/sf6ba76ea77/, 4 ,281941
https://bj.lianjia.com/chengjiao/sf5ba76ea77/, 37 ,281978
https://bj.lianjia.com/chengjiao/sf4ba76ea77/, 1 ,281979
https://bj.lianjia.com/chengjiao/sf2ba76ea77/, 157 ,282136
https://bj.lianjia.com/chengjiao/sf6ba99ea100/, 4 ,282140
https://bj.lianjia.com/chengjiao/sf2ba99ea100/, 20 ,282160
https://bj.lianjia.com/chengjiao/sf3ba98ea99/, 1 ,282161
https://bj.lianjia.com/chengjiao/sf1ba99ea100/, 6535 ,288696
https://bj.lianjia.com/chengjiao/sf5ba99ea100/, 35 ,288731
https://bj.lianjia.com/chengjiao/sf1ba98ea99/, 7581 ,296312
https://bj.lianjia.com/chengjiao/sf6ba98ea99/, 5 ,296317
https://bj.lianjia.com/chengjiao/sf5ba97ea98/, 30 ,296347
https://bj.lianjia.com/chengjiao/sf6ba97ea98/, 1 ,296348
https://bj.lianjia.com/chengjiao/sf2ba98ea99/, 58 ,296406
https://bj.lianjia.com/chengjiao/sf5ba98ea99/, 21 ,296427
https://bj.lianjia.com/chengjiao/sf2ba97ea98/, 88 ,296515
https://bj.lianjia.com/chengjiao/sf6ba100ea101/, 3 ,296518
https://bj.lianjia.com/chengjiao/sf1ba100ea101/, 6330 ,302848
https://bj.lianjia.com/chengjiao/sf2ba100ea101/, 46 ,302894
https://bj.lianjia.com/chengjiao/sf3ba100ea101/, 11 ,302905
https://bj.lianjia.com/chengjiao/sf5ba100ea101/, 13 ,302918
https://bj.lianjia.com/chengjiao/sf1ba97ea98/, 7545 ,310463
https://bj.lianjia.com/chengjiao/sf3ba101ea102/, 6 ,310469
https://bj.lianjia.com/chengjiao/sf6ba101ea102/, 1 ,310470
https://bj.lianjia.com/chengjiao/sf2ba81ea82/, 101 ,310571
https://bj.lianjia.com/chengjiao/sf2ba101ea102/, 75 ,310646
https://bj.lianjia.com/chengjiao/sf1ba81ea82/, 8327 ,318973
https://bj.lianjia.com/chengjiao/sf5ba101ea102/, 33 ,319006
https://bj.lianjia.com/chengjiao/sf4ba100ea101/, 1 ,319007
https://bj.lianjia.com/chengjiao/sf5ba81ea82/, 48 ,319055
https://bj.lianjia.com/chengjiao/sf6ba81ea82/, 2 ,319057
https://bj.lianjia.com/chengjiao/sf1ba101ea102/, 6210 ,325267
https://bj.lianjia.com/chengjiao/sf2ba80ea81/, 159 ,325426
https://bj.lianjia.com/chengjiao/sf1ba80ea81/, 8785 ,334211
https://bj.lianjia.com/chengjiao/sf3ba80ea81/, 1 ,334212
https://bj.lianjia.com/chengjiao/sf5ba80ea81/, 73 ,334285
https://bj.lianjia.com/chengjiao/sf6ba80ea81/, 4 ,334289
https://bj.lianjia.com/chengjiao/sf1ba59ea60/, 15864 ,350153
https://bj.lianjia.com/chengjiao/sf2ba58ea59/, 580 ,350733
https://bj.lianjia.com/chengjiao/sf5ba58ea59/, 96 ,350829
https://bj.lianjia.com/chengjiao/sf1ba58ea59/, 19269 ,370098
https://bj.lianjia.com/chengjiao/sf6ba58ea59/, 15 ,370113
https://bj.lianjia.com/chengjiao/sf2ba59ea60/, 394 ,370507
https://bj.lianjia.com/chengjiao/sf5ba59ea60/, 419 ,370926
https://bj.lianjia.com/chengjiao/sf6ba59ea60/, 129 ,371055
https://bj.lianjia.com/chengjiao/sf2ba60ea61/, 759 ,371814
https://bj.lianjia.com/chengjiao/sf6ba60ea61/, 8 ,371822
https://bj.lianjia.com/chengjiao/sf4ba60ea61/, 2 ,371824
https://bj.lianjia.com/chengjiao/sf1ba60ea61/, 16539 ,388363
https://bj.lianjia.com/chengjiao/sf5ba60ea61/, 55 ,388418
https://bj.lianjia.com/chengjiao/sf2ba62ea63/, 193 ,388611
https://bj.lianjia.com/chengjiao/sf5ba62ea63/, 76 ,388687
https://bj.lianjia.com/chengjiao/sf1ba62ea63/, 14441 ,403128
https://bj.lianjia.com/chengjiao/sf6ba62ea63/, 5 ,403133
https://bj.lianjia.com/chengjiao/sf4ba62ea63/, 1 ,403134
https://bj.lianjia.com/chengjiao/sf6ba61ea62/, 11 ,403145
https://bj.lianjia.com/chengjiao/sf2ba61ea62/, 213 ,403358
https://bj.lianjia.com/chengjiao/sf5ba61ea62/, 135 ,403493
https://bj.lianjia.com/chengjiao/sf1ba61ea62/, 15605 ,419098
https://bj.lianjia.com/chengjiao/sf6ba89ea90/, 3 ,419101
https://bj.lianjia.com/chengjiao/sf1ba89ea90/, 16522 ,435623
https://bj.lianjia.com/chengjiao/ba180ea185/, 2581 ,438204
https://bj.lianjia.com/chengjiao/sf5ba89ea90/, 17 ,438221
https://bj.lianjia.com/chengjiao/sf2ba89ea90/, 212 ,438433
https://bj.lianjia.com/chengjiao/sf4ba90ea91/, 1 ,438434
https://bj.lianjia.com/chengjiao/sf6ba90ea91/, 1 ,438435
https://bj.lianjia.com/chengjiao/sf3ba90ea91/, 6 ,438441
https://bj.lianjia.com/chengjiao/sf1ba90ea91/, 11207 ,449648
https://bj.lianjia.com/chengjiao/sf2ba90ea91/, 151 ,449799
https://bj.lianjia.com/chengjiao/ba177ea180/, 1919 ,451718
https://bj.lianjia.com/chengjiao/ba175ea177/, 1356 ,453074
https://bj.lianjia.com/chengjiao/sf5ba90ea91/, 29 ,453103
https://bj.lianjia.com/chengjiao/sf3ba89ea90/, 2 ,453105
https://bj.lianjia.com/chengjiao/sf5ba91ea92/, 20 ,453125
https://bj.lianjia.com/chengjiao/sf2ba91ea92/, 157 ,453282
https://bj.lianjia.com/chengjiao/sf1ba91ea92/, 10761 ,464043
https://bj.lianjia.com/chengjiao/sf6ba91ea92/, 1 ,464044
https://bj.lianjia.com/chengjiao/ba190ea195/, 2057 ,466101
https://bj.lianjia.com/chengjiao/ba185ea190/, 2334 ,468435
https://bj.lianjia.com/chengjiao/sf2ba63ea64/, 292 ,468727
https://bj.lianjia.com/chengjiao/sf5ba63ea64/, 58 ,468785
https://bj.lianjia.com/chengjiao/sf6ba63ea64/, 1 ,468786
https://bj.lianjia.com/chengjiao/sf1ba63ea64/, 13755 ,482541
https://bj.lianjia.com/chengjiao/sf6ba64ea65/, 10 ,482551
https://bj.lianjia.com/chengjiao/sf5ba64ea65/, 63 ,482614
https://bj.lianjia.com/chengjiao/sf1ba64ea65/, 12996 ,495610
https://bj.lianjia.com/chengjiao/sf3ba88ea89/, 2 ,495612
https://bj.lianjia.com/chengjiao/sf2ba88ea89/, 193 ,495805
https://bj.lianjia.com/chengjiao/sf1ba87ea88/, 11169 ,506974
https://bj.lianjia.com/chengjiao/sf5ba87ea88/, 75 ,507049
https://bj.lianjia.com/chengjiao/sf4ba87ea88/, 2 ,507051
https://bj.lianjia.com/chengjiao/sf1ba88ea89/, 12711 ,519762
https://bj.lianjia.com/chengjiao/sf3ba87ea88/, 1 ,519763
https://bj.lianjia.com/chengjiao/sf2ba64ea65/, 285 ,520048
https://bj.lianjia.com/chengjiao/sf2ba87ea88/, 162 ,520210
https://bj.lianjia.com/chengjiao/sf5ba88ea89/, 26 ,520236
https://bj.lianjia.com/chengjiao/sf6ba88ea89/, 6 ,520242
https://bj.lianjia.com/chengjiao/sf6ba66ea67/, 3 ,520245
https://bj.lianjia.com/chengjiao/sf4ba66ea67/, 2 ,520247
https://bj.lianjia.com/chengjiao/sf2ba66ea67/, 264 ,520511
https://bj.lianjia.com/chengjiao/sf2ba67ea68/, 287 ,520798
https://bj.lianjia.com/chengjiao/sf4ba67ea68/, 1 ,520799
https://bj.lianjia.com/chengjiao/sf1ba67ea68/, 10847 ,531646
https://bj.lianjia.com/chengjiao/sf6ba67ea68/, 3 ,531649
https://bj.lianjia.com/chengjiao/sf3ba66ea67/, 1 ,531650
https://bj.lianjia.com/chengjiao/sf5ba66ea67/, 62 ,531712
https://bj.lianjia.com/chengjiao/sf5ba67ea68/, 60 ,531772
https://bj.lianjia.com/chengjiao/sf1ba66ea67/, 11950 ,543722
https://bj.lianjia.com/chengjiao/sf5ba65ea66/, 157 ,543879
https://bj.lianjia.com/chengjiao/sf1ba65ea66/, 12337 ,556216
https://bj.lianjia.com/chengjiao/sf6ba65ea66/, 3 ,556219
https://bj.lianjia.com/chengjiao/sf3ba65ea66/, 4 ,556223
https://bj.lianjia.com/chengjiao/sf2ba65ea66/, 245 ,556468
https://bj.lianjia.com/chengjiao/sf3ba53ea54/, 1 ,556469
https://bj.lianjia.com/chengjiao/sf6ba53ea54/, 24 ,556493
https://bj.lianjia.com/chengjiao/sf2ba53ea54/, 762 ,557255
https://bj.lianjia.com/chengjiao/sf6ba108ea109/, 1 ,557256
https://bj.lianjia.com/chengjiao/sf6ba55ea56/, 21 ,557277
https://bj.lianjia.com/chengjiao/sf5ba108ea109/, 56 ,557333
https://bj.lianjia.com/chengjiao/sf2ba108ea109/, 64 ,557397
https://bj.lianjia.com/chengjiao/sf5ba53ea54/, 111 ,557508
https://bj.lianjia.com/chengjiao/sf3ba108ea109/, 1 ,557509
https://bj.lianjia.com/chengjiao/sf1ba54ea55/, 13665 ,571174
https://bj.lianjia.com/chengjiao/sf2ba107ea108/, 30 ,571204
https://bj.lianjia.com/chengjiao/sf5ba54ea55/, 39 ,571243
https://bj.lianjia.com/chengjiao/sf3ba107ea108/, 4 ,571247
https://bj.lianjia.com/chengjiao/sf2ba54ea55/, 618 ,571865
https://bj.lianjia.com/chengjiao/sf1ba55ea56/, 13020 ,584885
https://bj.lianjia.com/chengjiao/sf1ba107ea108/, 4277 ,589162
https://bj.lianjia.com/chengjiao/sf5ba107ea108/, 58 ,589220
https://bj.lianjia.com/chengjiao/sf1ba108ea109/, 4562 ,593782
https://bj.lianjia.com/chengjiao/sf6ba54ea55/, 25 ,593807
https://bj.lianjia.com/chengjiao/sf6ba107ea108/, 1 ,593808
https://bj.lianjia.com/chengjiao/sf1ba53ea54/, 11070 ,604878
https://bj.lianjia.com/chengjiao/sf2ba55ea56/, 955 ,605833
https://bj.lianjia.com/chengjiao/sf1ba57ea58/, 19684 ,625517
https://bj.lianjia.com/chengjiao/sf5ba57ea58/, 83 ,625600
https://bj.lianjia.com/chengjiao/sf2ba56ea57/, 946 ,626546
https://bj.lianjia.com/chengjiao/sf1ba56ea57/, 15179 ,641725
https://bj.lianjia.com/chengjiao/sf5ba56ea57/, 112 ,641837
https://bj.lianjia.com/chengjiao/sf6ba56ea57/, 23 ,641860
https://bj.lianjia.com/chengjiao/sf6ba57ea58/, 4 ,641864
https://bj.lianjia.com/chengjiao/sf2ba57ea58/, 736 ,642600
https://bj.lianjia.com/chengjiao/sf5ba55ea56/, 58 ,642658
https://bj.lianjia.com/chengjiao/sf5ba48ea49/, 115 ,642773
https://bj.lianjia.com/chengjiao/sf4ba48ea49/, 1 ,642774
https://bj.lianjia.com/chengjiao/sf2ba48ea49/, 668 ,643442
https://bj.lianjia.com/chengjiao/sf2ba49ea50/, 670 ,644112
https://bj.lianjia.com/chengjiao/sf5ba49ea50/, 68 ,644180
https://bj.lianjia.com/chengjiao/sf6ba48ea49/, 58 ,644238
https://bj.lianjia.com/chengjiao/sf1ba49ea50/, 8058 ,652296
https://bj.lianjia.com/chengjiao/sf6ba49ea50/, 30 ,652326
https://bj.lianjia.com/chengjiao/sf1ba48ea49/, 7137 ,659463
https://bj.lianjia.com/chengjiao/sf5ba50ea51/, 41 ,659504
https://bj.lianjia.com/chengjiao/sf2ba50ea51/, 735 ,660239
https://bj.lianjia.com/chengjiao/sf4ba50ea51/, 1 ,660240
https://bj.lianjia.com/chengjiao/sf1ba50ea51/, 10169 ,670409
https://bj.lianjia.com/chengjiao/sf4ba52ea53/, 1 ,670410
https://bj.lianjia.com/chengjiao/sf5ba52ea53/, 49 ,670459
https://bj.lianjia.com/chengjiao/sf2ba52ea53/, 510 ,670969
https://bj.lianjia.com/chengjiao/sf6ba52ea53/, 13 ,670982
https://bj.lianjia.com/chengjiao/sf1ba52ea53/, 8749 ,679731
https://bj.lianjia.com/chengjiao/sf1ba109ea110/, 4013 ,683744
https://bj.lianjia.com/chengjiao/sf2ba111ea112/, 26 ,683770
https://bj.lianjia.com/chengjiao/sf2ba110ea111/, 28 ,683798
https://bj.lianjia.com/chengjiao/sf1ba111ea112/, 3834 ,687632
https://bj.lianjia.com/chengjiao/sf5ba110ea111/, 52 ,687684
https://bj.lianjia.com/chengjiao/sf1ba110ea111/, 3976 ,691660
https://bj.lianjia.com/chengjiao/sf6ba51ea52/, 28 ,691688
https://bj.lianjia.com/chengjiao/sf5ba111ea112/, 28 ,691716
https://bj.lianjia.com/chengjiao/sf6ba50ea51/, 26 ,691742
https://bj.lianjia.com/chengjiao/sf6ba110ea111/, 1 ,691743
https://bj.lianjia.com/chengjiao/sf6ba111ea112/, 3 ,691746
https://bj.lianjia.com/chengjiao/sf3ba111ea112/, 2 ,691748
https://bj.lianjia.com/chengjiao/sf2ba109ea110/, 35 ,691783
https://bj.lianjia.com/chengjiao/sf5ba109ea110/, 55 ,691838
https://bj.lianjia.com/chengjiao/sf2ba51ea52/, 870 ,692708
https://bj.lianjia.com/chengjiao/sf5ba51ea52/, 21 ,692729
https://bj.lianjia.com/chengjiao/sf1ba51ea52/, 8551 ,701280
https://bj.lianjia.com/chengjiao/sf5ba114ea115/, 37 ,701317
https://bj.lianjia.com/chengjiao/sf1ba114ea115/, 3304 ,704621
https://bj.lianjia.com/chengjiao/sf2ba114ea115/, 25 ,704646
https://bj.lianjia.com/chengjiao/sf6ba115ea116/, 3 ,704649
https://bj.lianjia.com/chengjiao/sf1ba115ea116/, 3373 ,708022
https://bj.lianjia.com/chengjiao/sf6ba114ea115/, 1 ,708023
https://bj.lianjia.com/chengjiao/sf2ba115ea116/, 23 ,708046
https://bj.lianjia.com/chengjiao/sf5ba116ea117/, 22 ,708068
https://bj.lianjia.com/chengjiao/sf2ba116ea117/, 28 ,708096
https://bj.lianjia.com/chengjiao/sf5ba115ea116/, 26 ,708122
https://bj.lianjia.com/chengjiao/sf1ba116ea117/, 3324 ,711446
https://bj.lianjia.com/chengjiao/sf1ba112ea113/, 3678 ,715124
https://bj.lianjia.com/chengjiao/sf5ba112ea113/, 59 ,715183
https://bj.lianjia.com/chengjiao/sf3ba112ea113/, 3 ,715186
https://bj.lianjia.com/chengjiao/sf2ba112ea113/, 27 ,715213
https://bj.lianjia.com/chengjiao/sf1ba113ea114/, 3375 ,718588
https://bj.lianjia.com/chengjiao/sf5ba113ea114/, 64 ,718652
https://bj.lianjia.com/chengjiao/sf2ba113ea114/, 29 ,718681
https://bj.lianjia.com/chengjiao/sf3ba113ea114/, 2 ,718683
https://bj.lianjia.com/chengjiao/sf1ba118ea119/, 3742 ,722425
https://bj.lianjia.com/chengjiao/sf2ba118ea119/, 34 ,722459
https://bj.lianjia.com/chengjiao/sf4ba38ea39/, 1 ,722460
https://bj.lianjia.com/chengjiao/sf5ba118ea119/, 34 ,722494
https://bj.lianjia.com/chengjiao/sf2ba38ea39/, 452 ,722946
https://bj.lianjia.com/chengjiao/sf6ba36ea37/, 257 ,723203
https://bj.lianjia.com/chengjiao/sf2ba36ea37/, 549 ,723752
https://bj.lianjia.com/chengjiao/sf1ba36ea37/, 3034 ,726786
https://bj.lianjia.com/chengjiao/sf5ba38ea39/, 20 ,726806
https://bj.lianjia.com/chengjiao/sf5ba37ea38/, 28 ,726834
https://bj.lianjia.com/chengjiao/sf6ba37ea38/, 196 ,727030
https://bj.lianjia.com/chengjiao/sf1ba38ea39/, 3668 ,730698
https://bj.lianjia.com/chengjiao/sf5ba36ea37/, 43 ,730741
https://bj.lianjia.com/chengjiao/sf2ba37ea38/, 476 ,731217
https://bj.lianjia.com/chengjiao/sf1ba37ea38/, 2798 ,734015
https://bj.lianjia.com/chengjiao/sf6ba38ea39/, 202 ,734217
https://bj.lianjia.com/chengjiao/sf2ba117ea118/, 30 ,734247
https://bj.lianjia.com/chengjiao/sf5ba117ea118/, 26 ,734273
https://bj.lianjia.com/chengjiao/sf1ba117ea118/, 3493 ,737766
https://bj.lianjia.com/chengjiao/ba24ea26/, 839 ,738605
https://bj.lianjia.com/chengjiao/ba26ea29/, 2762 ,741367
https://bj.lianjia.com/chengjiao/sf4ba45ea46/, 1 ,741368
https://bj.lianjia.com/chengjiao/sf2ba45ea46/, 549 ,741917
https://bj.lianjia.com/chengjiao/sf1ba45ea46/, 7041 ,748958
https://bj.lianjia.com/chengjiao/sf5ba45ea46/, 110 ,749068
https://bj.lianjia.com/chengjiao/sf1ba43ea44/, 6898 ,755966
https://bj.lianjia.com/chengjiao/sf2ba43ea44/, 310 ,756276
https://bj.lianjia.com/chengjiao/sf6ba45ea46/, 59 ,756335
https://bj.lianjia.com/chengjiao/sf6ba43ea44/, 116 ,756451
https://bj.lianjia.com/chengjiao/sf5ba43ea44/, 49 ,756500
https://bj.lianjia.com/chengjiao/sf1ba46ea47/, 8310 ,764810
https://bj.lianjia.com/chengjiao/sf5ba46ea47/, 123 ,764933
https://bj.lianjia.com/chengjiao/sf6ba46ea47/, 68 ,765001
https://bj.lianjia.com/chengjiao/sf6ba44ea45/, 99 ,765100
https://bj.lianjia.com/chengjiao/sf5ba44ea45/, 36 ,765136
https://bj.lianjia.com/chengjiao/sf2ba46ea47/, 876 ,766012
https://bj.lianjia.com/chengjiao/sf1ba44ea45/, 7276 ,773288
https://bj.lianjia.com/chengjiao/sf2ba44ea45/, 320 ,773608
https://bj.lianjia.com/chengjiao/sf1ba47ea48/, 8263 ,781871
https://bj.lianjia.com/chengjiao/sf6ba47ea48/, 53 ,781924
https://bj.lianjia.com/chengjiao/sf5ba47ea48/, 70 ,781994
https://bj.lianjia.com/chengjiao/sf2ba47ea48/, 504 ,782498
https://bj.lianjia.com/chengjiao/ba172ea175/, 2116 ,784614
https://bj.lianjia.com/chengjiao/ba165ea167/, 1829 ,786443
https://bj.lianjia.com/chengjiao/ba170ea172/, 1687 ,788130
https://bj.lianjia.com/chengjiao/ba167ea170/, 2566 ,790696
https://bj.lianjia.com/chengjiao/sf6ba39ea40/, 197 ,790893
https://bj.lianjia.com/chengjiao/sf5ba39ea40/, 84 ,790977
https://bj.lianjia.com/chengjiao/sf2ba39ea40/, 415 ,791392
https://bj.lianjia.com/chengjiao/sf1ba39ea40/, 3529 ,794921
https://bj.lianjia.com/chengjiao/sf5ba42ea43/, 123 ,795044
https://bj.lianjia.com/chengjiao/sf1ba42ea43/, 7253 ,802297
https://bj.lianjia.com/chengjiao/sf2ba42ea43/, 366 ,802663
https://bj.lianjia.com/chengjiao/sf6ba42ea43/, 155 ,802818
https://bj.lianjia.com/chengjiao/sf6ba41ea42/, 137 ,802955
https://bj.lianjia.com/chengjiao/sf2ba41ea42/, 313 ,803268
https://bj.lianjia.com/chengjiao/sf1ba41ea42/, 6012 ,809280
https://bj.lianjia.com/chengjiao/sf5ba41ea42/, 39 ,809319
https://bj.lianjia.com/chengjiao/sf1ba40ea41/, 5317 ,814636
https://bj.lianjia.com/chengjiao/sf2ba40ea41/, 542 ,815178
https://bj.lianjia.com/chengjiao/sf6ba40ea41/, 199 ,815377
https://bj.lianjia.com/chengjiao/sf5ba40ea41/, 42 ,815419
https://bj.lianjia.com/chengjiao/ba158ea160/, 2381 ,817800
https://bj.lianjia.com/chengjiao/ba156ea158/, 2289 ,820089
https://bj.lianjia.com/chengjiao/ba162ea163/, 1087 ,821176
https://bj.lianjia.com/chengjiao/ba160ea162/, 2455 ,823631
https://bj.lianjia.com/chengjiao/ba163ea165/, 2125 ,825756
https://bj.lianjia.com/chengjiao/sf5ba119ea120/, 24 ,825780
https://bj.lianjia.com/chengjiao/sf2ba119ea120/, 26 ,825806
https://bj.lianjia.com/chengjiao/sf1ba119ea120/, 3728 ,829534
https://bj.lianjia.com/chengjiao/sf1ba120ea121/, 3402 ,832936
https://bj.lianjia.com/chengjiao/sf2ba120ea121/, 51 ,832987
https://bj.lianjia.com/chengjiao/sf6ba120ea121/, 7 ,832994
https://bj.lianjia.com/chengjiao/sf5ba120ea121/, 23 ,833017
https://bj.lianjia.com/chengjiao/sf3ba121ea122/, 4 ,833021
https://bj.lianjia.com/chengjiao/sf1ba123ea124/, 3275 ,836296
https://bj.lianjia.com/chengjiao/sf1ba121ea122/, 3173 ,839469
https://bj.lianjia.com/chengjiao/sf5ba121ea122/, 29 ,839498
https://bj.lianjia.com/chengjiao/sf2ba123ea124/, 33 ,839531
https://bj.lianjia.com/chengjiao/sf2ba124ea125/, 19 ,839550
https://bj.lianjia.com/chengjiao/sf2ba125ea126/, 10 ,839560
https://bj.lianjia.com/chengjiao/sf6ba121ea122/, 7 ,839567
https://bj.lianjia.com/chengjiao/sf1ba124ea125/, 4479 ,844046
https://bj.lianjia.com/chengjiao/sf5ba124ea125/, 26 ,844072
https://bj.lianjia.com/chengjiao/sf6ba124ea125/, 3 ,844075
https://bj.lianjia.com/chengjiao/sf5ba125ea126/, 38 ,844113
https://bj.lianjia.com/chengjiao/sf3ba124ea125/, 9 ,844122
https://bj.lianjia.com/chengjiao/ba31ea32/, 1312 ,845434
https://bj.lianjia.com/chengjiao/ba29ea31/, 2432 ,847866
https://bj.lianjia.com/chengjiao/sf2ba121ea122/, 29 ,847895
https://bj.lianjia.com/chengjiao/sf1ba125ea126/, 3618 ,851513
https://bj.lianjia.com/chengjiao/ba137ea138/, 2652 ,854165
https://bj.lianjia.com/chengjiao/ba136ea137/, 2898 ,857063
https://bj.lianjia.com/chengjiao/sf5ba123ea124/, 24 ,857087
https://bj.lianjia.com/chengjiao/ba146ea147/, 1609 ,858696
https://bj.lianjia.com/chengjiao/ba148ea149/, 1920 ,860616
https://bj.lianjia.com/chengjiao/ba149ea151/, 2921 ,863537
https://bj.lianjia.com/chengjiao/ba147ea148/, 2001 ,865538
https://bj.lianjia.com/chengjiao/ba151ea153/, 2825 ,868363
https://bj.lianjia.com/chengjiao/ba153ea154/, 1398 ,869761
https://bj.lianjia.com/chengjiao/ba154ea156/, 2282 ,872043
https://bj.lianjia.com/chengjiao/ba33ea34/, 1982 ,874025
https://bj.lianjia.com/chengjiao/ba32ea33/, 1560 ,875585
https://bj.lianjia.com/chengjiao/ba142ea143/, 2392 ,877977
https://bj.lianjia.com/chengjiao/ba141ea142/, 2471 ,880448
https://bj.lianjia.com/chengjiao/ba138ea139/, 2992 ,883440
https://bj.lianjia.com/chengjiao/ba140ea141/, 2284 ,885724
https://bj.lianjia.com/chengjiao/sf5ba139ea140/, 13 ,885737
https://bj.lianjia.com/chengjiao/sf2ba139ea140/, 11 ,885748
https://bj.lianjia.com/chengjiao/sf1ba139ea140/, 3184 ,888932
https://bj.lianjia.com/chengjiao/sf3ba139ea140/, 3 ,888935
https://bj.lianjia.com/chengjiao/ba144ea145/, 2153 ,891088
https://bj.lianjia.com/chengjiao/ba143ea144/, 2031 ,893119
https://bj.lianjia.com/chengjiao/ba145ea146/, 1723 ,894842
https://bj.lianjia.com/chengjiao/ba204ea214/, 2726 ,897568
https://bj.lianjia.com/chengjiao/ba195ea199/, 1485 ,899053
https://bj.lianjia.com/chengjiao/ba199ea204/, 1730 ,900783
https://cq.lianjia.com/chengjiao/ba1250ea2500/, 2 ,2
https://cq.lianjia.com/chengjiao/ba625ea1250/, 1 ,3
https://cq.lianjia.com/chengjiao/ba312ea625/, 181 ,184
https://cq.lianjia.com/chengjiao/ba234ea312/, 558 ,742
https://cq.lianjia.com/chengjiao/ba195ea234/, 963 ,1705
https://cq.lianjia.com/chengjiao/ba175ea195/, 941 ,2646
https://cq.lianjia.com/chengjiao/ba156ea175/, 2165 ,4811
https://cq.lianjia.com/chengjiao/ba146ea156/, 1925 ,6736
https://cq.lianjia.com/chengjiao/ba131ea136/, 2048 ,8784
https://cq.lianjia.com/chengjiao/ba141ea146/, 1529 ,10313
https://cq.lianjia.com/chengjiao/ba94ea97/, 2773 ,13086
https://cq.lianjia.com/chengjiao/ba126ea131/, 2302 ,15388
https://cq.lianjia.com/chengjiao/ba121ea126/, 2618 ,18006
https://cq.lianjia.com/chengjiao/ba92ea94/, 2202 ,20208
https://cq.lianjia.com/chengjiao/ba117ea121/, 2402 ,22610
https://cq.lianjia.com/chengjiao/ba136ea141/, 1723 ,24333
https://cq.lianjia.com/chengjiao/ba89ea90/, 1423 ,25756
https://cq.lianjia.com/chengjiao/ba97ea99/, 1803 ,27559
https://cq.lianjia.com/chengjiao/ba99ea102/, 2294 ,29853
https://cq.lianjia.com/chengjiao/ba90ea92/, 2337 ,32190
https://cq.lianjia.com/chengjiao/ba102ea104/, 1141 ,33331
https://cq.lianjia.com/chengjiao/ba104ea107/, 2045 ,35376
https://cq.lianjia.com/chengjiao/ba85ea86/, 1812 ,37188
https://cq.lianjia.com/chengjiao/ba86ea87/, 1701 ,38889
https://cq.lianjia.com/chengjiao/ba84ea85/, 1625 ,40514
https://cq.lianjia.com/chengjiao/ba83ea84/, 1748 ,42262
https://cq.lianjia.com/chengjiao/ba109ea112/, 1724 ,43986
https://cq.lianjia.com/chengjiao/ba112ea117/, 2599 ,46585
https://cq.lianjia.com/chengjiao/ba82ea83/, 1740 ,48325
https://cq.lianjia.com/chengjiao/ba107ea109/, 1308 ,49633
https://cq.lianjia.com/chengjiao/ba78ea80/, 2914 ,52547
https://cq.lianjia.com/chengjiao/ba81ea82/, 1817 ,54364
https://cq.lianjia.com/chengjiao/ba80ea81/, 1580 ,55944
https://cq.lianjia.com/chengjiao/ba87ea89/, 2866 ,58810
https://cq.lianjia.com/chengjiao/ba0ea19/, 52 ,58862
https://cq.lianjia.com/chengjiao/ba19ea29/, 512 ,59374
https://cq.lianjia.com/chengjiao/ba34ea39/, 2041 ,61415
https://cq.lianjia.com/chengjiao/ba29ea34/, 1109 ,62524
https://cq.lianjia.com/chengjiao/ba50ea53/, 2949 ,65473
https://cq.lianjia.com/chengjiao/ba48ea50/, 1318 ,66791
https://cq.lianjia.com/chengjiao/ba53ea55/, 1868 ,68659
https://cq.lianjia.com/chengjiao/ba56ea58/, 2213 ,70872
https://cq.lianjia.com/chengjiao/ba55ea56/, 988 ,71860
https://cq.lianjia.com/chengjiao/ba60ea63/, 2513 ,74373
https://cq.lianjia.com/chengjiao/ba70ea71/, 1168 ,75541
https://cq.lianjia.com/chengjiao/ba68ea70/, 1744 ,77285
https://cq.lianjia.com/chengjiao/ba73ea75/, 2440 ,79725
https://cq.lianjia.com/chengjiao/ba71ea73/, 2478 ,82203
https://cq.lianjia.com/chengjiao/ba76ea78/, 2681 ,84884
https://cq.lianjia.com/chengjiao/ba75ea76/, 1375 ,86259
https://cq.lianjia.com/chengjiao/ba58ea60/, 1894 ,88153
https://cq.lianjia.com/chengjiao/ba65ea68/, 2340 ,90493
https://cq.lianjia.com/chengjiao/ba63ea65/, 1658 ,92151
https://cq.lianjia.com/chengjiao/ba45ea48/, 2262 ,94413
https://cq.lianjia.com/chengjiao/ba39ea43/, 1889 ,96302
https://cq.lianjia.com/chengjiao/ba43ea45/, 1350 ,97652
https://bd.lianjia.com/chengjiao/, 901 ,901
https://changzhou.lianjia.com/chengjiao/, 2779 ,3680
https://huangshi.lianjia.com/chengjiao/, 1300 ,4980
https://xinxiang.lianjia.com/chengjiao/, 1395 ,6375
https://huzhou.lianjia.com/chengjiao/, 771 ,7146
https://fcg.lianjia.com/chengjiao/, 222 ,7368
https://zjk.lianjia.com/chengjiao/, 1032 ,8400
https://zh.lianjia.com/chengjiao/, 2416 ,10816
https://hanzhong.lianjia.com/chengjiao/, 1863 ,12679
https://wlmq.lianjia.com/chengjiao/, 364 ,13043
https://nanchong.lianjia.com/chengjiao/, 2025 ,15068
https://zb.lianjia.com/chengjiao/, 2408 ,17476
https://nn.lianjia.com/chengjiao/, 1566 ,19042
https://xianyang.lianjia.com/chengjiao/, 2676 ,21718
https://dazhou.lianjia.com/chengjiao/, 1224 ,22942
https://jining.lianjia.com/chengjiao/, 1215 ,24157
https://bh.lianjia.com/chengjiao/, 2788 ,26945
https://liangshan.lianjia.com/chengjiao/, 706 ,27651
https://jiujiang.lianjia.com/chengjiao/, 1352 ,29003
https://xc.lianjia.com/chengjiao/, 2444 ,31447
https://fz.lianjia.com/chengjiao/, 1735 ,33182
https://taizhou.lianjia.com/chengjiao/, 829 ,34011
https://dd.lianjia.com/chengjiao/, 2235 ,36246
https://hk.lianjia.com/chengjiao/, 903 ,37149
https://baoji.lianjia.com/chengjiao/, 1210 ,1210
https://zjk.lianjia.com/chengjiao/, 1032 ,2242
https://qy.lianjia.com/chengjiao/, 1186 ,3428
https://jining.lianjia.com/chengjiao/, 1215 ,4643
https://zb.lianjia.com/chengjiao/, 2408 ,7051
https://xianyang.lianjia.com/chengjiao/, 2676 ,9727
https://wlmq.lianjia.com/chengjiao/, 364 ,10091
https://changde.lianjia.com/chengjiao/, 774 ,10865
https://jiujiang.lianjia.com/chengjiao/, 1352 ,12217
https://fz.lianjia.com/chengjiao/, 1735 ,13952
https://fcg.lianjia.com/chengjiao/, 222 ,14174
https://zj.lianjia.com/chengjiao/, 2545 ,16719
https://bh.lianjia.com/chengjiao/, 2788 ,19507
https://liuzhou.lianjia.com/chengjiao/, 1292 ,20799
https://nn.lianjia.com/chengjiao/, 1566 ,22365
https://taizhou.lianjia.com/chengjiao/, 829 ,23194
https://liangshan.lianjia.com/chengjiao/, 706 ,23900
https://bd.lianjia.com/chengjiao/, 901 ,24801
https://weihai.lianjia.com/chengjiao/, 1315 ,26116
https://baotou.lianjia.com/chengjiao/, 2172 ,28288
https://cf.lianjia.com/chengjiao/, 616 ,28904
https://yy.lianjia.com/chengjiao/, 178 ,29082
https://xy.lianjia.com/chengjiao/, 2151 ,31233
https://zhanjiang.lianjia.com/chengjiao/, 878 ,32111
https://xinxiang.lianjia.com/chengjiao/, 1395 ,33506
https://hanzhong.lianjia.com/chengjiao/, 1863 ,35369
https://zh.lianjia.com/chengjiao/, 2416 ,37785
https://wz.lianjia.com/chengjiao/, 2524 ,40309
https://gl.lianjia.com/chengjiao/, 1654 ,41963
https://huzhou.lianjia.com/chengjiao/, 771 ,42734
https://changzhou.lianjia.com/chengjiao/, 2779 ,45513
https://quanzhou.lianjia.com/chengjiao/, 1998 ,47511
https://yc.lianjia.com/chengjiao/, 1560 ,49071
https://hk.lianjia.com/chengjiao/, 903 ,49974
https://xc.lianjia.com/chengjiao/, 2444 ,52418
https://ha.lianjia.com/chengjiao/, 2944 ,55362
https://yt.lianjia.com/chengjiao/ba2500ea5000/, 1 ,55363
https://jh.lianjia.com/chengjiao/, 649 ,56012
https://sr.lianjia.com/chengjiao/, 2045 ,58057
https://xa.lianjia.com/chengjiao/ba2500ea5000/, 1 ,58058
https://zhangzhou.lianjia.com/chengjiao/, 2435 ,60493
https://ts.lianjia.com/chengjiao/ba625ea1250/, 1 ,60494
https://yt.lianjia.com/chengjiao/ba312ea625/, 5 ,60499
https://yt.lianjia.com/chengjiao/ba156ea312/, 1311 ,61810
https://fs.lianjia.com/chengjiao/ba1250ea2500/, 1 ,61811
https://fs.lianjia.com/chengjiao/ba625ea1250/, 3 ,61814
https://ts.lianjia.com/chengjiao/ba78ea156/, 1846 ,63660
https://ts.lianjia.com/chengjiao/ba156ea312/, 106 ,63766
https://ts.lianjia.com/chengjiao/ba0ea78/, 1748 ,65514
https://fs.lianjia.com/chengjiao/ba312ea625/, 47 ,65561
https://fs.lianjia.com/chengjiao/ba156ea312/, 561 ,66122
https://fs.lianjia.com/chengjiao/ba39ea58/, 1079 ,67201
https://fs.lianjia.com/chengjiao/ba117ea156/, 1990 ,69191
https://fs.lianjia.com/chengjiao/ba58ea78/, 1950 ,71141
https://fs.lianjia.com/chengjiao/ba97ea117/, 2058 ,73199
https://fs.lianjia.com/chengjiao/ba0ea39/, 646 ,73845
https://fs.lianjia.com/chengjiao/ba78ea87/, 1615 ,75460
https://fs.lianjia.com/chengjiao/ba87ea92/, 2393 ,77853
https://fs.lianjia.com/chengjiao/ba92ea97/, 1030 ,78883
https://ts.lianjia.com/chengjiao/ba312ea625/, 8 ,78891
https://yt.lianjia.com/chengjiao/ba0ea39/, 1284 ,80175
https://cd.lianjia.com/chengjiao/ba625ea1250/, 5 ,80180
https://yt.lianjia.com/chengjiao/ba136ea156/, 1526 ,81706
https://cd.lianjia.com/chengjiao/ba312ea625/, 545 ,82251
https://yt.lianjia.com/chengjiao/ba97ea107/, 2216 ,84467
https://yt.lianjia.com/chengjiao/ba107ea117/, 1893 ,86360
https://yt.lianjia.com/chengjiao/ba87ea92/, 1982 ,88342
https://xm.lianjia.com/chengjiao/ba312ea625/, 11 ,88353
https://yt.lianjia.com/chengjiao/ba92ea97/, 1793 ,90146
https://xm.lianjia.com/chengjiao/ba156ea312/, 504 ,90650
https://yt.lianjia.com/chengjiao/ba48ea58/, 2673 ,93323
https://sh.lianjia.com/chengjiao/ba312ea625/, 1196 ,94519
https://sh.lianjia.com/chengjiao/ba625ea1250/, 37 ,94556
https://km.lianjia.com/chengjiao/ba312ea625/, 19 ,94575
https://km.lianjia.com/chengjiao/ba156ea312/, 337 ,94912
https://sh.lianjia.com/chengjiao/ba1250ea2500/, 1 ,94913
https://cd.lianjia.com/chengjiao/ba195ea234/, 2339 ,97252
https://cd.lianjia.com/chengjiao/ba234ea312/, 1454 ,98706
https://sh.lianjia.com/chengjiao/ba234ea312/, 2357 ,101063
https://sh.lianjia.com/chengjiao/ba195ea234/, 2940 ,104003
https://sh.lianjia.com/chengjiao/ba68ea69/, 2333 ,106336
https://sh.lianjia.com/chengjiao/ba70ea71/, 2812 ,109148
https://sh.lianjia.com/chengjiao/ba69ea70/, 2442 ,111590
https://sh.lianjia.com/chengjiao/ba74ea75/, 2882 ,114472
https://sh.lianjia.com/chengjiao/ba73ea74/, 2595 ,117067
https://sh.lianjia.com/chengjiao/ba75ea76/, 2697 ,119764
https://sh.lianjia.com/chengjiao/ba76ea77/, 2682 ,122446
https://sh.lianjia.com/chengjiao/ba77ea78/, 2684 ,125130
https://sh.lianjia.com/chengjiao/ba72ea73/, 2999 ,128129
https://sh.lianjia.com/chengjiao/ba71ea72/, 2512 ,130641
https://sh.lianjia.com/chengjiao/ba48ea49/, 2849 ,133490
https://sh.lianjia.com/chengjiao/ba49ea50/, 2768 ,136258
https://sh.lianjia.com/chengjiao/ba50ea51/, 2978 ,139236
https://sh.lianjia.com/chengjiao/sf5ba55ea56/, 9 ,139245
https://sh.lianjia.com/chengjiao/sf5ba56ea57/, 4 ,139249
https://sh.lianjia.com/chengjiao/sf1ba56ea57/, 3197 ,142446
https://sh.lianjia.com/chengjiao/sf2ba56ea57/, 120 ,142566
https://sh.lianjia.com/chengjiao/sf6ba56ea57/, 1 ,142567
https://sh.lianjia.com/chengjiao/sf2ba54ea55/, 144 ,142711
https://sh.lianjia.com/chengjiao/sf6ba55ea56/, 1 ,142712
https://sh.lianjia.com/chengjiao/sf5ba54ea55/, 11 ,142723
https://sh.lianjia.com/chengjiao/sf1ba54ea55/, 3313 ,146036
https://sh.lianjia.com/chengjiao/ba52ea53/, 2969 ,149005
https://sh.lianjia.com/chengjiao/sf5ba53ea54/, 9 ,149014
https://sh.lianjia.com/chengjiao/sf2ba53ea54/, 147 ,149161
https://sh.lianjia.com/chengjiao/sf1ba53ea54/, 3206 ,152367
https://sh.lianjia.com/chengjiao/sf1ba57ea58/, 3106 ,155473
https://sh.lianjia.com/chengjiao/sf5ba57ea58/, 6 ,155479
https://sh.lianjia.com/chengjiao/sf2ba57ea58/, 81 ,155560
https://sh.lianjia.com/chengjiao/sf6ba57ea58/, 2 ,155562
https://sh.lianjia.com/chengjiao/sf6ba51ea52/, 4 ,155566
https://sh.lianjia.com/chengjiao/sf1ba51ea52/, 2887 ,158453
https://sh.lianjia.com/chengjiao/sf2ba51ea52/, 95 ,158548
https://sh.lianjia.com/chengjiao/sf5ba51ea52/, 16 ,158564
https://sh.lianjia.com/chengjiao/sf2ba55ea56/, 125 ,158689
https://sh.lianjia.com/chengjiao/sf1ba55ea56/, 3220 ,161909
https://sh.lianjia.com/chengjiao/ba43ea44/, 2404 ,164313
https://sh.lianjia.com/chengjiao/ba40ea41/, 2653 ,166966
https://sh.lianjia.com/chengjiao/ba41ea42/, 2743 ,169709
https://sh.lianjia.com/chengjiao/ba39ea40/, 2278 ,171987
https://sh.lianjia.com/chengjiao/sf1ba42ea43/, 2841 ,174828
https://sh.lianjia.com/chengjiao/sf2ba42ea43/, 155 ,174983
https://sh.lianjia.com/chengjiao/sf6ba42ea43/, 3 ,174986
https://sh.lianjia.com/chengjiao/sf5ba42ea43/, 23 ,175009
https://sh.lianjia.com/chengjiao/ba44ea45/, 2157 ,177166
https://sh.lianjia.com/chengjiao/ba45ea46/, 2214 ,179380
https://sh.lianjia.com/chengjiao/ba47ea48/, 2958 ,182338
https://sh.lianjia.com/chengjiao/ba46ea47/, 2316 ,184654
https://sh.lianjia.com/chengjiao/ba175ea195/, 2587 ,187241
https://sh.lianjia.com/chengjiao/ba165ea175/, 2060 ,189301
https://sh.lianjia.com/chengjiao/ba156ea165/, 2415 ,191716
https://sh.lianjia.com/chengjiao/ba141ea146/, 2418 ,194134
https://sh.lianjia.com/chengjiao/ba64ea65/, 2558 ,196692
https://sh.lianjia.com/chengjiao/ba63ea64/, 2291 ,198983
https://sh.lianjia.com/chengjiao/ba97ea99/, 2929 ,201912
https://sh.lianjia.com/chengjiao/ba65ea66/, 2704 ,204616
https://sh.lianjia.com/chengjiao/ba100ea102/, 2846 ,207462
https://sh.lianjia.com/chengjiao/ba99ea100/, 1487 ,208949
https://sh.lianjia.com/chengjiao/ba66ea67/, 2639 ,211588
https://sh.lianjia.com/chengjiao/ba67ea68/, 2540 ,214128
https://sh.lianjia.com/chengjiao/ba104ea107/, 2962 ,217090
https://sh.lianjia.com/chengjiao/ba102ea104/, 2634 ,219724
https://sh.lianjia.com/chengjiao/ba138ea141/, 1863 ,221587
https://sh.lianjia.com/chengjiao/ba114ea117/, 2437 ,224024
https://sh.lianjia.com/chengjiao/ba112ea114/, 1722 ,225746
https://sh.lianjia.com/chengjiao/ba136ea138/, 1400 ,227146
https://sh.lianjia.com/chengjiao/ba109ea112/, 2635 ,229781
https://sh.lianjia.com/chengjiao/ba107ea109/, 1839 ,231620
https://sh.lianjia.com/chengjiao/ba146ea151/, 1980 ,233600
https://sh.lianjia.com/chengjiao/ba58ea59/, 2948 ,236548
https://sh.lianjia.com/chengjiao/sf2ba59ea60/, 111 ,236659
https://sh.lianjia.com/chengjiao/sf3ba59ea60/, 1 ,236660
https://sh.lianjia.com/chengjiao/sf5ba59ea60/, 6 ,236666
https://sh.lianjia.com/chengjiao/sf1ba59ea60/, 3085 ,239751
https://sh.lianjia.com/chengjiao/sf6ba59ea60/, 1 ,239752
https://sh.lianjia.com/chengjiao/ba151ea156/, 1686 ,241438
https://sh.lianjia.com/chengjiao/sf5ba60ea61/, 15 ,241453
https://sh.lianjia.com/chengjiao/sf2ba60ea61/, 114 ,241567
https://sh.lianjia.com/chengjiao/sf1ba60ea61/, 2903 ,244470
https://sh.lianjia.com/chengjiao/ba62ea63/, 2745 ,247215
https://sh.lianjia.com/chengjiao/ba61ea62/, 2763 ,249978
https://sh.lianjia.com/chengjiao/ba87ea88/, 2909 ,252887
https://sh.lianjia.com/chengjiao/ba84ea85/, 2141 ,255028
https://sh.lianjia.com/chengjiao/ba93ea94/, 2049 ,257077
https://sh.lianjia.com/chengjiao/ba90ea91/, 2923 ,260000
https://sh.lianjia.com/chengjiao/ba92ea93/, 2090 ,262090
https://sh.lianjia.com/chengjiao/sf5ba88ea89/, 6 ,262096
https://sh.lianjia.com/chengjiao/sf2ba88ea89/, 11 ,262107
https://sh.lianjia.com/chengjiao/ba82ea83/, 2190 ,264297
https://sh.lianjia.com/chengjiao/ba81ea82/, 2287 ,266584
https://sh.lianjia.com/chengjiao/sf1ba88ea89/, 3648 ,270232
https://sh.lianjia.com/chengjiao/sf3ba88ea89/, 9 ,270241
https://sh.lianjia.com/chengjiao/ba126ea128/, 1548 ,271789
https://sh.lianjia.com/chengjiao/ba83ea84/, 1975 ,273764
https://sh.lianjia.com/chengjiao/ba133ea136/, 2118 ,275882
https://sh.lianjia.com/chengjiao/ba85ea86/, 2214 ,278096
https://sh.lianjia.com/chengjiao/ba131ea133/, 1432 ,279528
https://sh.lianjia.com/chengjiao/ba91ea92/, 2455 ,281983
https://sh.lianjia.com/chengjiao/ba80ea81/, 2219 ,284202
https://sh.lianjia.com/chengjiao/ba86ea87/, 2536 ,286738
https://xm.lianjia.com/chengjiao/ba117ea156/, 1524 ,288262
https://sh.lianjia.com/chengjiao/ba117ea119/, 1459 ,289721
https://sh.lianjia.com/chengjiao/ba119ea121/, 1558 ,291279
https://sh.lianjia.com/chengjiao/ba123ea126/, 2386 ,293665
https://sh.lianjia.com/chengjiao/sf5ba89ea90/, 5 ,293670
https://sh.lianjia.com/chengjiao/sf3ba89ea90/, 15 ,293685
https://sh.lianjia.com/chengjiao/sf2ba89ea90/, 8 ,293693
https://sh.lianjia.com/chengjiao/sf1ba89ea90/, 3979 ,297672
https://xm.lianjia.com/chengjiao/ba0ea39/, 1107 ,298779
https://sh.lianjia.com/chengjiao/ba128ea131/, 2187 ,300966
https://xm.lianjia.com/chengjiao/ba58ea78/, 1895 ,302861
https://xm.lianjia.com/chengjiao/ba39ea58/, 1872 ,304733
https://sh.lianjia.com/chengjiao/ba78ea79/, 2376 ,307109
https://sh.lianjia.com/chengjiao/ba79ea80/, 2102 ,309211
https://sh.lianjia.com/chengjiao/ba94ea95/, 1742 ,310953
https://sh.lianjia.com/chengjiao/ba95ea96/, 1672 ,312625
https://sh.lianjia.com/chengjiao/ba96ea97/, 1645 ,314270
https://sh.lianjia.com/chengjiao/ba121ea123/, 1586 ,315856
https://xm.lianjia.com/chengjiao/ba97ea117/, 1170 ,317026
https://xm.lianjia.com/chengjiao/ba78ea97/, 2785 ,319811
https://cd.lianjia.com/chengjiao/ba165ea175/, 2428 ,322239
https://cd.lianjia.com/chengjiao/ba175ea185/, 1968 ,324207
https://cd.lianjia.com/chengjiao/ba185ea195/, 1198 ,325405
https://cd.lianjia.com/chengjiao/ba160ea165/, 1637 ,327042
https://cd.lianjia.com/chengjiao/ba156ea160/, 1376 ,328418
https://sh.lianjia.com/chengjiao/ba0ea19/, 109 ,328527
https://sh.lianjia.com/chengjiao/ba19ea29/, 1908 ,330435
https://sh.lianjia.com/chengjiao/ba29ea31/, 2200 ,332635
https://sh.lianjia.com/chengjiao/ba32ea33/, 1446 ,334081
https://sh.lianjia.com/chengjiao/ba33ea34/, 1760 ,335841
https://sh.lianjia.com/chengjiao/ba31ea32/, 1234 ,337075
https://sh.lianjia.com/chengjiao/ba34ea35/, 2295 ,339370
https://sh.lianjia.com/chengjiao/ba35ea36/, 2086 ,341456
https://sh.lianjia.com/chengjiao/ba36ea37/, 1886 ,343342
https://sh.lianjia.com/chengjiao/ba38ea39/, 2015 ,345357
https://sh.lianjia.com/chengjiao/ba37ea38/, 2092 ,347449
https://km.lianjia.com/chengjiao/ba0ea78/, 1827 ,349276
https://km.lianjia.com/chengjiao/ba117ea156/, 1095 ,350371
https://km.lianjia.com/chengjiao/ba78ea117/, 2374 ,352745
https://yt.lianjia.com/chengjiao/ba39ea48/, 1356 ,354101
https://yt.lianjia.com/chengjiao/ba82ea87/, 2146 ,356247
https://yt.lianjia.com/chengjiao/ba58ea63/, 1594 ,357841
https://yt.lianjia.com/chengjiao/ba78ea82/, 1767 ,359608
https://yt.lianjia.com/chengjiao/ba68ea73/, 1910 ,361518
https://yt.lianjia.com/chengjiao/ba63ea68/, 1804 ,363322
https://yt.lianjia.com/chengjiao/ba73ea78/, 2168 ,365490
https://cd.lianjia.com/chengjiao/ba0ea19/, 163 ,365653
https://cd.lianjia.com/chengjiao/ba49ea50/, 2353 ,368006
https://cd.lianjia.com/chengjiao/ba55ea56/, 2247 ,370253
https://cd.lianjia.com/chengjiao/ba50ea51/, 2887 ,373140
https://cd.lianjia.com/chengjiao/ba43ea44/, 1474 ,374614
https://cd.lianjia.com/chengjiao/ba53ea54/, 2136 ,376750
https://cd.lianjia.com/chengjiao/ba45ea46/, 2092 ,378842
https://cd.lianjia.com/chengjiao/ba44ea45/, 1585 ,380427
https://cd.lianjia.com/chengjiao/ba54ea55/, 2403 ,382830
https://cd.lianjia.com/chengjiao/ba48ea49/, 2363 ,385193
https://cd.lianjia.com/chengjiao/ba34ea36/, 1541 ,386734
https://cd.lianjia.com/chengjiao/ba29ea31/, 1476 ,388210
https://cd.lianjia.com/chengjiao/ba19ea29/, 2070 ,390280
https://cd.lianjia.com/chengjiao/ba52ea53/, 2180 ,392460
https://cd.lianjia.com/chengjiao/ba94ea95/, 2215 ,394675
https://cd.lianjia.com/chengjiao/ba36ea39/, 2778 ,397453
https://cd.lianjia.com/chengjiao/ba51ea52/, 2860 ,400313
https://cd.lianjia.com/chengjiao/sf2ba88ea89/, 30 ,400343
https://cd.lianjia.com/chengjiao/ba31ea34/, 2406 ,402749
https://cd.lianjia.com/chengjiao/sf3ba88ea89/, 1 ,402750
https://cd.lianjia.com/chengjiao/sf6ba88ea89/, 1 ,402751
https://cd.lianjia.com/chengjiao/sf2ba80ea81/, 54 ,402805
https://cd.lianjia.com/chengjiao/sf1ba87ea88/, 7052 ,409857
https://cd.lianjia.com/chengjiao/sf1ba80ea81/, 3846 ,413703
https://cd.lianjia.com/chengjiao/sf3ba87ea88/, 3 ,413706
https://cd.lianjia.com/chengjiao/sf6ba80ea81/, 2 ,413708
https://cd.lianjia.com/chengjiao/sf2ba87ea88/, 37 ,413745
https://cd.lianjia.com/chengjiao/sf1ba88ea89/, 9843 ,423588
https://cd.lianjia.com/chengjiao/sf5ba88ea89/, 1 ,423589
https://cd.lianjia.com/chengjiao/sf2ba81ea82/, 25 ,423614
https://cd.lianjia.com/chengjiao/sf1ba81ea82/, 4343 ,427957
https://cd.lianjia.com/chengjiao/sf3ba78ea79/, 1 ,427958
https://cd.lianjia.com/chengjiao/sf6ba78ea79/, 1 ,427959
https://cd.lianjia.com/chengjiao/sf2ba78ea79/, 35 ,427994
https://cd.lianjia.com/chengjiao/sf1ba78ea79/, 4705 ,432699
https://cd.lianjia.com/chengjiao/sf1ba79ea80/, 4683 ,437382
https://cd.lianjia.com/chengjiao/sf2ba79ea80/, 45 ,437427
https://cd.lianjia.com/chengjiao/ba95ea96/, 2013 ,439440
https://cd.lianjia.com/chengjiao/ba96ea97/, 2012 ,441452
https://cd.lianjia.com/chengjiao/ba114ea115/, 1188 ,442640
https://cd.lianjia.com/chengjiao/ba115ea117/, 2819 ,445459
https://cd.lianjia.com/chengjiao/ba102ea104/, 2654 ,448113
https://cd.lianjia.com/chengjiao/ba112ea114/, 2866 ,450979
https://cd.lianjia.com/chengjiao/ba99ea100/, 1713 ,452692
https://cd.lianjia.com/chengjiao/ba104ea105/, 1680 ,454372
https://cd.lianjia.com/chengjiao/ba106ea107/, 1467 ,455839
https://cd.lianjia.com/chengjiao/ba105ea106/, 1720 ,457559
https://cd.lianjia.com/chengjiao/ba100ea101/, 1458 ,459017
https://cd.lianjia.com/chengjiao/ba101ea102/, 1787 ,460804
https://cd.lianjia.com/chengjiao/ba98ea99/, 1760 ,462564
https://cd.lianjia.com/chengjiao/ba97ea98/, 2026 ,464590
https://cd.lianjia.com/chengjiao/ba107ea109/, 2663 ,467253
https://cd.lianjia.com/chengjiao/ba109ea110/, 1448 ,468701
https://cd.lianjia.com/chengjiao/ba110ea112/, 2844 ,471545
https://cd.lianjia.com/chengjiao/ba131ea133/, 2560 ,474105
https://cd.lianjia.com/chengjiao/ba117ea118/, 1646 ,475751
https://cd.lianjia.com/chengjiao/ba127ea128/, 1643 ,477394
https://cd.lianjia.com/chengjiao/ba119ea120/, 1544 ,478938
https://cd.lianjia.com/chengjiao/ba126ea127/, 1426 ,480364
https://cd.lianjia.com/chengjiao/ba118ea119/, 1697 ,482061
https://cd.lianjia.com/chengjiao/ba129ea131/, 2846 ,484907
https://cd.lianjia.com/chengjiao/ba128ea129/, 1475 ,486382
https://cd.lianjia.com/chengjiao/ba120ea121/, 1651 ,488033
https://cd.lianjia.com/chengjiao/ba134ea136/, 2357 ,490390
https://cd.lianjia.com/chengjiao/ba133ea134/, 1188 ,491578
https://cd.lianjia.com/chengjiao/ba121ea122/, 1526 ,493104
https://cd.lianjia.com/chengjiao/ba123ea124/, 1689 ,494793
https://cd.lianjia.com/chengjiao/ba122ea123/, 1548 ,496341
https://cd.lianjia.com/chengjiao/ba125ea126/, 1670 ,498011
https://cd.lianjia.com/chengjiao/ba124ea125/, 1876 ,499887
https://xinxiang.lianjia.com/chengjiao/, 1395 ,1395
https://huangshi.lianjia.com/chengjiao/, 1300 ,2695
https://jh.lianjia.com/chengjiao/, 649 ,3344
https://liangshan.lianjia.com/chengjiao/, 706 ,4050
https://dd.lianjia.com/chengjiao/, 2235 ,6285
https://zhanjiang.lianjia.com/chengjiao/, 878 ,7163
https://jining.lianjia.com/chengjiao/, 1214 ,8377
https://zhangzhou.lianjia.com/chengjiao/, 2435 ,10812
https://wz.lianjia.com/chengjiao/, 2524 ,13336
https://fz.lianjia.com/chengjiao/, 1735 ,15071
https://dazhou.lianjia.com/chengjiao/, 1224 ,16295
https://jiujiang.lianjia.com/chengjiao/, 1351 ,17646
https://changzhou.lianjia.com/chengjiao/, 2779 ,20425
https://xc.lianjia.com/chengjiao/, 2444 ,22869
https://xianyang.lianjia.com/chengjiao/, 2676 ,25545
https://sr.lianjia.com/chengjiao/, 2045 ,27590
https://yc.lianjia.com/chengjiao/, 1560 ,29150
https://taizhou.lianjia.com/chengjiao/, 829 ,29979
https://xy.lianjia.com/chengjiao/, 2151 ,32130
https://jiangmen.lianjia.com/chengjiao/, 672 ,32802
https://baoji.lianjia.com/chengjiao/, 1210 ,34012
https://cf.lianjia.com/chengjiao/, 616 ,34628
https://gl.lianjia.com/chengjiao/, 1654 ,36282
https://ha.lianjia.com/chengjiao/, 2944 ,39226
https://baotou.lianjia.com/chengjiao/, 2171 ,41397
https://bd.lianjia.com/chengjiao/, 901 ,42298
https://zb.lianjia.com/chengjiao/, 2408 ,44706
https://hanzhong.lianjia.com/chengjiao/, 1863 ,46569
https://fcg.lianjia.com/chengjiao/, 222 ,46791
https://weihai.lianjia.com/chengjiao/, 1314 ,48105
https://wlmq.lianjia.com/chengjiao/, 364 ,48469
https://nanchong.lianjia.com/chengjiao/, 2025 ,50494
https://zjk.lianjia.com/chengjiao/, 1032 ,51526
https://wx.lianjia.com/chengjiao/ba625ea1250/, 1 ,51527
https://wx.lianjia.com/chengjiao/ba312ea625/, 16 ,51543
https://sx.lianjia.com/chengjiao/ba312ea625/, 14 ,51557
https://wx.lianjia.com/chengjiao/ba156ea312/, 273 ,51830
https://sx.lianjia.com/chengjiao/ba156ea312/, 216 ,52046
https://wx.lianjia.com/chengjiao/ba0ea39/, 187 ,52233
https://wx.lianjia.com/chengjiao/ba58ea78/, 2192 ,54425
https://wx.lianjia.com/chengjiao/ba39ea58/, 1335 ,55760
https://wx.lianjia.com/chengjiao/ba97ea117/, 1103 ,56863
https://sx.lianjia.com/chengjiao/ba78ea156/, 2354 ,59217
https://sx.lianjia.com/chengjiao/ba0ea78/, 741 ,59958
https://wx.lianjia.com/chengjiao/ba78ea87/, 1050 ,61008
https://wx.lianjia.com/chengjiao/ba117ea156/, 1293 ,62301
https://wx.lianjia.com/chengjiao/ba87ea97/, 2009 ,64310
https://nb.lianjia.com/chengjiao/ba312ea625/, 35 ,64345
https://nb.lianjia.com/chengjiao/ba156ea312/, 533 ,64878
https://nb.lianjia.com/chengjiao/ba625ea1250/, 6 ,64884
https://nb.lianjia.com/chengjiao/ba0ea39/, 756 ,65640
https://nb.lianjia.com/chengjiao/ba58ea78/, 2920 ,68560
https://nt.lianjia.com/chengjiao/ba312ea625/, 12 ,68572
https://nb.lianjia.com/chengjiao/ba117ea156/, 2089 ,70661
https://nb.lianjia.com/chengjiao/ba39ea58/, 2202 ,72863
https://nt.lianjia.com/chengjiao/ba156ea312/, 393 ,73256
https://nb.lianjia.com/chengjiao/ba87ea97/, 2254 ,75510
https://nb.lianjia.com/chengjiao/ba78ea87/, 1683 ,77193
https://nt.lianjia.com/chengjiao/ba0ea78/, 2999 ,80192
https://nb.lianjia.com/chengjiao/ba97ea117/, 2184 ,82376
https://nt.lianjia.com/chengjiao/ba117ea156/, 2740 ,85116
https://nt.lianjia.com/chengjiao/ba97ea117/, 2219 ,87335
https://nt.lianjia.com/chengjiao/ba87ea97/, 2295 ,89630
https://nt.lianjia.com/chengjiao/ba78ea87/, 1058 ,90688
https://huzhou.lianjia.com/chengjiao/, 771 ,91459
https://hz.lianjia.com/chengjiao/ba2500ea5000/, 1 ,91460
https://sh.lianjia.com/chengjiao/ba625ea1250/, 37 ,91497
https://zj.lianjia.com/chengjiao/, 2545 ,94042
https://xz.lianjia.com/chengjiao/ba312ea625/, 30 ,94072
https://sh.lianjia.com/chengjiao/ba1250ea2500/, 1 ,94073
https://hz.lianjia.com/chengjiao/ba625ea1250/, 5 ,94078
https://xz.lianjia.com/chengjiao/ba156ea312/, 228 ,94306
https://km.lianjia.com/chengjiao/ba312ea625/, 19 ,94325
https://km.lianjia.com/chengjiao/ba156ea312/, 337 ,94662
https://xz.lianjia.com/chengjiao/ba0ea78/, 2049 ,96711
https://hz.lianjia.com/chengjiao/ba312ea625/, 124 ,96835
https://jn.lianjia.com/chengjiao/ba625ea1250/, 1 ,96836
https://km.lianjia.com/chengjiao/ba0ea78/, 1827 ,98663
https://jn.lianjia.com/chengjiao/ba312ea625/, 22 ,98685
https://xz.lianjia.com/chengjiao/ba97ea117/, 1379 ,100064
https://xz.lianjia.com/chengjiao/ba78ea97/, 2356 ,102420
https://xz.lianjia.com/chengjiao/ba117ea156/, 1094 ,103514
https://km.lianjia.com/chengjiao/ba78ea117/, 2374 ,105888
https://km.lianjia.com/chengjiao/ba117ea156/, 1095 ,106983
https://jn.lianjia.com/chengjiao/ba156ea312/, 771 ,107754
https://jn.lianjia.com/chengjiao/ba97ea107/, 2152 ,109906
https://jn.lianjia.com/chengjiao/ba117ea136/, 1771 ,111677
https://jn.lianjia.com/chengjiao/ba107ea117/, 1483 ,113160
https://jn.lianjia.com/chengjiao/ba87ea92/, 1900 ,115060
https://jn.lianjia.com/chengjiao/ba78ea87/, 2561 ,117621
https://jn.lianjia.com/chengjiao/ba136ea156/, 1240 ,118861
https://jn.lianjia.com/chengjiao/ba92ea97/, 2013 ,120874
https://jn.lianjia.com/chengjiao/ba39ea48/, 1690 ,122564
https://jn.lianjia.com/chengjiao/ba58ea63/, 1872 ,124436
https://jn.lianjia.com/chengjiao/ba63ea68/, 1395 ,125831
https://jn.lianjia.com/chengjiao/ba68ea78/, 2453 ,128284
https://jn.lianjia.com/chengjiao/ba48ea58/, 2625 ,130909
https://jn.lianjia.com/chengjiao/ba0ea39/, 907 ,131816
https://hz.lianjia.com/chengjiao/ba156ea312/, 2641 ,134457
https://hz.lianjia.com/chengjiao/ba126ea136/, 2943 ,137400
https://hz.lianjia.com/chengjiao/ba97ea107/, 2059 ,139459
https://hz.lianjia.com/chengjiao/ba146ea156/, 836 ,140295
https://hz.lianjia.com/chengjiao/ba107ea117/, 2188 ,142483
https://hz.lianjia.com/chengjiao/ba0ea19/, 9 ,142492
https://hz.lianjia.com/chengjiao/ba58ea60/, 1402 ,143894
https://hz.lianjia.com/chengjiao/ba29ea39/, 2873 ,146767
https://hz.lianjia.com/chengjiao/ba19ea29/, 283 ,147050
https://hz.lianjia.com/chengjiao/ba63ea68/, 2273 ,149323
https://hz.lianjia.com/chengjiao/ba60ea63/, 2022 ,151345
https://hz.lianjia.com/chengjiao/ba117ea126/, 2481 ,153826
https://hz.lianjia.com/chengjiao/ba68ea73/, 2420 ,156246
https://hz.lianjia.com/chengjiao/ba39ea43/, 1725 ,157971
https://hz.lianjia.com/chengjiao/ba73ea78/, 2321 ,160292
https://hz.lianjia.com/chengjiao/ba43ea48/, 2813 ,163105
https://hz.lianjia.com/chengjiao/ba92ea97/, 1422 ,164527
https://hz.lianjia.com/chengjiao/ba53ea55/, 1452 ,165979
https://hz.lianjia.com/chengjiao/ba50ea53/, 1963 ,167942
https://hz.lianjia.com/chengjiao/ba55ea58/, 1883 ,169825
https://hz.lianjia.com/chengjiao/ba48ea50/, 1161 ,170986
https://hz.lianjia.com/chengjiao/ba87ea88/, 2450 ,173436
https://hz.lianjia.com/chengjiao/sf2ba89ea90/, 31 ,173467
https://hz.lianjia.com/chengjiao/sf1ba89ea90/, 6726 ,180193
https://hz.lianjia.com/chengjiao/ba90ea92/, 1028 ,181221
https://hz.lianjia.com/chengjiao/sf1ba88ea89/, 3621 ,184842
https://hz.lianjia.com/chengjiao/sf2ba88ea89/, 9 ,184851
https://fz.lianjia.com/chengjiao/, 1735 ,1735
https://quanzhou.lianjia.com/chengjiao/, 1997 ,3732
https://zhangzhou.lianjia.com/chengjiao/, 2435 ,6167
https://xm.lianjia.com/chengjiao/ba312ea625/, 11 ,6178
https://xm.lianjia.com/chengjiao/ba156ea312/, 504 ,6682
https://xm.lianjia.com/chengjiao/ba0ea39/, 1107 ,7789
https://xm.lianjia.com/chengjiao/ba58ea78/, 1895 ,9684
https://xm.lianjia.com/chengjiao/ba39ea58/, 1872 ,11556
https://xm.lianjia.com/chengjiao/ba97ea117/, 1170 ,12726
https://xm.lianjia.com/chengjiao/ba78ea97/, 2785 ,15511
https://xm.lianjia.com/chengjiao/ba117ea156/, 1524 ,17035
https://zh.lianjia.com/chengjiao/, 2416 ,2416
https://zhanjiang.lianjia.com/chengjiao/, 878 ,3294
https://jiangmen.lianjia.com/chengjiao/, 672 ,3966
https://gz.lianjia.com/chengjiao/ba625ea1250/, 3 ,3969
https://qy.lianjia.com/chengjiao/, 1186 ,5155
https://gz.lianjia.com/chengjiao/ba312ea625/, 45 ,5200
https://dg.lianjia.com/chengjiao/ba625ea1250/, 2 ,5202
https://dg.lianjia.com/chengjiao/ba156ea312/, 597 ,5799
https://dg.lianjia.com/chengjiao/ba312ea625/, 83 ,5882
https://dg.lianjia.com/chengjiao/ba0ea39/, 815 ,6697
https://dg.lianjia.com/chengjiao/ba39ea58/, 1466 ,8163
https://dg.lianjia.com/chengjiao/ba58ea78/, 2474 ,10637
https://dg.lianjia.com/chengjiao/ba117ea156/, 1534 ,12171
https://dg.lianjia.com/chengjiao/ba97ea117/, 2165 ,14336
https://dg.lianjia.com/chengjiao/ba78ea87/, 1771 ,16107
https://dg.lianjia.com/chengjiao/ba87ea97/, 2452 ,18559
https://gz.lianjia.com/chengjiao/ba156ea312/, 1060 ,19619
https://gz.lianjia.com/chengjiao/ba117ea136/, 2458 ,22077
https://gz.lianjia.com/chengjiao/ba136ea156/, 1022 ,23099
https://gz.lianjia.com/chengjiao/ba53ea58/, 2421 ,25520
https://gz.lianjia.com/chengjiao/ba107ea117/, 2203 ,27723
https://gz.lianjia.com/chengjiao/ba97ea102/, 2072 ,29795
https://gz.lianjia.com/chengjiao/ba48ea53/, 2130 ,31925
https://gz.lianjia.com/chengjiao/ba102ea107/, 1536 ,33461
https://gz.lianjia.com/chengjiao/ba39ea43/, 1461 ,34922
https://gz.lianjia.com/chengjiao/ba43ea48/, 2065 ,36987
https://gz.lianjia.com/chengjiao/ba19ea39/, 2940 ,39927
https://gz.lianjia.com/chengjiao/ba0ea19/, 485 ,40412
https://gz.lianjia.com/chengjiao/ba89ea92/, 1892 ,42304
https://gz.lianjia.com/chengjiao/ba78ea80/, 1628 ,43932
https://gz.lianjia.com/chengjiao/ba92ea97/, 2940 ,46872
https://gz.lianjia.com/chengjiao/ba58ea63/, 2964 ,49836
https://gz.lianjia.com/chengjiao/ba75ea78/, 2618 ,52454
https://gz.lianjia.com/chengjiao/ba73ea75/, 1458 ,53912
https://gz.lianjia.com/chengjiao/ba80ea82/, 1738 ,55650
https://gz.lianjia.com/chengjiao/ba84ea87/, 1964 ,57614
https://gz.lianjia.com/chengjiao/ba82ea84/, 1623 ,59237
https://gz.lianjia.com/chengjiao/ba70ea73/, 2343 ,61580
https://gz.lianjia.com/chengjiao/ba68ea70/, 1479 ,63059
https://gz.lianjia.com/chengjiao/ba63ea65/, 1286 ,64345
https://gz.lianjia.com/chengjiao/ba65ea68/, 2144 ,66489
https://gz.lianjia.com/chengjiao/ba87ea89/, 1272 ,67761
https://fs.lianjia.com/chengjiao/ba1250ea2500/, 1 ,67762
https://fs.lianjia.com/chengjiao/ba625ea1250/, 3 ,67765
https://zs.lianjia.com/chengjiao/ba625ea1250/, 1 ,67766
https://zs.lianjia.com/chengjiao/ba312ea625/, 21 ,67787
https://zs.lianjia.com/chengjiao/ba156ea312/, 267 ,68054
https://sz.lianjia.com/chengjiao/ba625ea1250/, 2 ,68056
https://fs.lianjia.com/chengjiao/ba312ea625/, 47 ,68103
https://zs.lianjia.com/chengjiao/ba0ea78/, 1493 ,69596
https://zs.lianjia.com/chengjiao/ba97ea117/, 1710 ,71306
https://fs.lianjia.com/chengjiao/ba156ea312/, 561 ,71867
https://sz.lianjia.com/chengjiao/ba312ea625/, 63 ,71930
https://zs.lianjia.com/chengjiao/ba117ea156/, 1454 ,73384
https://fs.lianjia.com/chengjiao/ba0ea39/, 646 ,74030
https://fs.lianjia.com/chengjiao/ba58ea78/, 1950 ,75980
https://fs.lianjia.com/chengjiao/ba97ea117/, 2058 ,78038
https://fs.lianjia.com/chengjiao/ba39ea58/, 1079 ,79117
https://fs.lianjia.com/chengjiao/ba78ea87/, 1614 ,80731
https://fs.lianjia.com/chengjiao/ba92ea97/, 1030 ,81761
https://fs.lianjia.com/chengjiao/ba87ea92/, 2393 ,84154
https://fs.lianjia.com/chengjiao/ba117ea156/, 1990 ,86144
https://zs.lianjia.com/chengjiao/ba78ea97/, 2121 ,88265
https://sz.lianjia.com/chengjiao/ba156ea312/, 2252 ,90517
https://sz.lianjia.com/chengjiao/ba136ea156/, 2160 ,92677
https://sz.lianjia.com/chengjiao/ba117ea126/, 2745 ,95422
https://sz.lianjia.com/chengjiao/ba126ea136/, 1902 ,97324
https://sz.lianjia.com/chengjiao/ba107ea112/, 2392 ,99716
https://sz.lianjia.com/chengjiao/ba112ea117/, 1855 ,101571
https://sz.lianjia.com/chengjiao/ba102ea107/, 2801 ,104372
https://sz.lianjia.com/chengjiao/ba82ea84/, 2507 ,106879
https://sz.lianjia.com/chengjiao/ba41ea43/, 2835 ,109714
https://sz.lianjia.com/chengjiao/ba39ea41/, 2396 ,112110
https://sz.lianjia.com/chengjiao/ba99ea102/, 1836 ,113946
https://sz.lianjia.com/chengjiao/ba69ea70/, 1613 ,115559
https://sz.lianjia.com/chengjiao/ba68ea69/, 1471 ,117030
https://sz.lianjia.com/chengjiao/ba84ea85/, 1238 ,118268
https://sz.lianjia.com/chengjiao/ba85ea86/, 1510 ,119778
https://sz.lianjia.com/chengjiao/ba75ea76/, 1827 ,121605
https://sz.lianjia.com/chengjiao/ba86ea87/, 1913 ,123518
https://sz.lianjia.com/chengjiao/ba74ea75/, 1940 ,125458
https://sz.lianjia.com/chengjiao/ba73ea74/, 1959 ,127417
https://sz.lianjia.com/chengjiao/ba77ea78/, 1876 ,129293
https://sz.lianjia.com/chengjiao/ba76ea77/, 2112 ,131405
https://sz.lianjia.com/chengjiao/ba48ea50/, 2282 ,133687
https://sz.lianjia.com/chengjiao/ba50ea53/, 2969 ,136656
https://sz.lianjia.com/chengjiao/ba70ea71/, 1921 ,138577
https://sz.lianjia.com/chengjiao/ba71ea72/, 1766 ,140343
https://sz.lianjia.com/chengjiao/ba72ea73/, 1822 ,142165
https://sz.lianjia.com/chengjiao/ba53ea55/, 1523 ,143688
https://sz.lianjia.com/chengjiao/ba55ea58/, 2638 ,146326
https://sz.lianjia.com/chengjiao/ba43ea45/, 2478 ,148804
https://sz.lianjia.com/chengjiao/ba46ea48/, 2275 ,151079
https://sz.lianjia.com/chengjiao/ba45ea46/, 1095 ,152174
https://sz.lianjia.com/chengjiao/ba92ea94/, 1820 ,153994
https://sz.lianjia.com/chengjiao/ba97ea99/, 1867 ,155861
https://sz.lianjia.com/chengjiao/ba94ea97/, 2130 ,157991
https://sz.lianjia.com/chengjiao/ba90ea92/, 1909 ,159900
https://sz.lianjia.com/chengjiao/ba87ea88/, 2304 ,162204
https://sz.lianjia.com/chengjiao/sf3ba89ea90/, 1 ,162205
https://sz.lianjia.com/chengjiao/sf5ba89ea90/, 2 ,162207
https://sz.lianjia.com/chengjiao/sf1ba89ea90/, 3419 ,165626
https://sz.lianjia.com/chengjiao/ba58ea60/, 2165 ,167791
https://sz.lianjia.com/chengjiao/ba60ea61/, 1115 ,168906
https://sz.lianjia.com/chengjiao/ba61ea63/, 2278 ,171184
https://sz.lianjia.com/chengjiao/sf3ba88ea89/, 2 ,171186
https://sz.lianjia.com/chengjiao/sf1ba88ea89/, 3277 ,174463
https://sz.lianjia.com/chengjiao/sf6ba88ea89/, 1 ,174464
https://sz.lianjia.com/chengjiao/sf5ba88ea89/, 1 ,174465
https://sz.lianjia.com/chengjiao/ba63ea65/, 2589 ,177054
https://sz.lianjia.com/chengjiao/ba66ea68/, 2954 ,180008
https://sz.lianjia.com/chengjiao/ba65ea66/, 1472 ,181480
https://sz.lianjia.com/chengjiao/ba80ea82/, 2833 ,184313
https://sz.lianjia.com/chengjiao/ba78ea79/, 1987 ,186300
https://sz.lianjia.com/chengjiao/ba79ea80/, 1519 ,187819
https://sz.lianjia.com/chengjiao/ba0ea19/, 212 ,188031
https://sz.lianjia.com/chengjiao/ba19ea29/, 2793 ,190824
https://sz.lianjia.com/chengjiao/ba34ea36/, 1767 ,192591
https://sz.lianjia.com/chengjiao/ba36ea37/, 1017 ,193608
https://sz.lianjia.com/chengjiao/ba37ea39/, 2534 ,196142
https://sz.lianjia.com/chengjiao/ba29ea31/, 1072 ,197214
https://sz.lianjia.com/chengjiao/ba31ea34/, 2234 ,199448
https://nn.lianjia.com/chengjiao/, 1566 ,1566
https://changde.lianjia.com/chengjiao/, 774 ,2340
https://jiujiang.lianjia.com/chengjiao/, 1351 ,3691
https://yc.lianjia.com/chengjiao/, 1560 ,5251
https://zj.lianjia.com/chengjiao/, 2545 ,7796
https://liangshan.lianjia.com/chengjiao/, 706 ,8502
https://ha.lianjia.com/chengjiao/, 2944 ,11446
https://xinxiang.lianjia.com/chengjiao/, 1395 ,12841
https://yy.lianjia.com/chengjiao/, 178 ,13019
https://dd.lianjia.com/chengjiao/, 2235 ,15254
https://xy.lianjia.com/chengjiao/, 2151 ,17405
https://xc.lianjia.com/chengjiao/, 2444 ,19849
https://jh.lianjia.com/chengjiao/, 649 ,20498
https://zjk.lianjia.com/chengjiao/, 1032 ,21530
https://wz.lianjia.com/chengjiao/, 2524 ,24054
https://jining.lianjia.com/chengjiao/, 1214 ,25268
https://sr.lianjia.com/chengjiao/, 2045 ,27313
https://taizhou.lianjia.com/chengjiao/, 829 ,28142
https://changzhou.lianjia.com/chengjiao/, 2779 ,30921
https://hk.lianjia.com/chengjiao/, 903 ,31824
https://bh.lianjia.com/chengjiao/, 2788 ,34612
https://weihai.lianjia.com/chengjiao/, 1314 ,35926
https://huzhou.lianjia.com/chengjiao/, 771 ,36697
https://hanzhong.lianjia.com/chengjiao/, 1863 ,38560
https://dazhou.lianjia.com/chengjiao/, 1224 ,39784
https://xianyang.lianjia.com/chengjiao/, 2676 ,42460
https://bd.lianjia.com/chengjiao/, 901 ,43361
https://gl.lianjia.com/chengjiao/, 1654 ,45015
https://zb.lianjia.com/chengjiao/, 2408 ,47423
https://huangshi.lianjia.com/chengjiao/, 1300 ,48723
https://fcg.lianjia.com/chengjiao/, 222 ,48945
https://baotou.lianjia.com/chengjiao/, 2171 ,51116
https://baoji.lianjia.com/chengjiao/, 1210 ,52326
https://xa.lianjia.com/chengjiao/ba2500ea5000/, 1 ,52327
https://wlmq.lianjia.com/chengjiao/, 364 ,52691
https://nj.lianjia.com/chengjiao/ba2500ea5000/, 1 ,52692
https://liuzhou.lianjia.com/chengjiao/, 1292 ,53984
https://jx.lianjia.com/chengjiao/ba625ea1250/, 1 ,53985
https://cf.lianjia.com/chengjiao/, 616 ,54601
https://jx.lianjia.com/chengjiao/ba312ea625/, 8 ,54609
https://wh.lianjia.com/chengjiao/ba625ea1250/, 2 ,54611
https://wh.lianjia.com/chengjiao/ba312ea625/, 79 ,54690
https://nanchong.lianjia.com/chengjiao/, 2025 ,56715
https://ts.lianjia.com/chengjiao/ba312ea625/, 8 ,56723
https://lf.lianjia.com/chengjiao/ba625ea1250/, 1 ,56724
https://jn.lianjia.com/chengjiao/ba625ea1250/, 1 ,56725
https://ts.lianjia.com/chengjiao/ba156ea312/, 106 ,56831
https://wh.lianjia.com/chengjiao/ba156ea312/, 2414 ,59245
https://lf.lianjia.com/chengjiao/ba312ea625/, 38 ,59283
https://qd.lianjia.com/chengjiao/ba312ea625/, 40 ,59323
https://jn.lianjia.com/chengjiao/ba312ea625/, 22 ,59345
https://wh.lianjia.com/chengjiao/ba0ea39/, 1787 ,61132
https://qd.lianjia.com/chengjiao/ba156ea312/, 1385 ,62517
https://lf.lianjia.com/chengjiao/ba156ea312/, 320 ,62837
https://jx.lianjia.com/chengjiao/ba156ea312/, 190 ,63027
https://lf.lianjia.com/chengjiao/ba0ea39/, 188 ,63215
https://ts.lianjia.com/chengjiao/ba625ea1250/, 1 ,63216
https://qd.lianjia.com/chengjiao/ba136ea156/, 2097 ,65313
https://qd.lianjia.com/chengjiao/ba117ea136/, 2881 ,68194
https://lf.lianjia.com/chengjiao/ba48ea58/, 2433 ,70627
https://lf.lianjia.com/chengjiao/ba58ea68/, 1883 ,72510
https://lf.lianjia.com/chengjiao/ba68ea78/, 2154 ,74664
https://qd.lianjia.com/chengjiao/ba107ea117/, 1953 ,76617
https://qd.lianjia.com/chengjiao/ba97ea107/, 2755 ,79372
https://jx.lianjia.com/chengjiao/ba0ea78/, 1776 ,81148
https://jx.lianjia.com/chengjiao/ba117ea156/, 867 ,82015
https://jx.lianjia.com/chengjiao/ba78ea117/, 2249 ,84264
https://qd.lianjia.com/chengjiao/ba78ea82/, 2075 ,86339
https://qd.lianjia.com/chengjiao/ba94ea97/, 1615 ,87954
https://qd.lianjia.com/chengjiao/ba92ea94/, 1692 ,89646
https://qd.lianjia.com/chengjiao/ba90ea92/, 2110 ,91756
https://qd.lianjia.com/chengjiao/ba89ea90/, 1705 ,93461
https://qd.lianjia.com/chengjiao/ba87ea89/, 2238 ,95699
https://qd.lianjia.com/chengjiao/ba82ea84/, 1092 ,96791
https://qd.lianjia.com/chengjiao/ba84ea87/, 2560 ,99351
https://lf.lianjia.com/chengjiao/ba39ea48/, 1270 ,100621
https://qd.lianjia.com/chengjiao/ba0ea39/, 930 ,101551
https://lf.lianjia.com/chengjiao/ba117ea156/, 1730 ,103281
https://lf.lianjia.com/chengjiao/ba97ea117/, 2031 ,105312
https://qd.lianjia.com/chengjiao/ba68ea73/, 2098 ,107410
https://qd.lianjia.com/chengjiao/ba39ea48/, 1624 ,109034
https://qd.lianjia.com/chengjiao/ba58ea63/, 2152 ,111186
https://qd.lianjia.com/chengjiao/ba73ea78/, 2197 ,113383
https://qd.lianjia.com/chengjiao/ba53ea58/, 1828 ,115211
https://qd.lianjia.com/chengjiao/ba63ea68/, 2473 ,117684
https://qd.lianjia.com/chengjiao/ba48ea53/, 1508 ,119192
https://lf.lianjia.com/chengjiao/ba87ea92/, 2684 ,121876
https://lf.lianjia.com/chengjiao/ba92ea97/, 1306 ,123182
https://lf.lianjia.com/chengjiao/ba82ea87/, 2780 ,125962
https://lf.lianjia.com/chengjiao/ba78ea82/, 1338 ,127300
https://jn.lianjia.com/chengjiao/ba156ea312/, 771 ,128071
https://jn.lianjia.com/chengjiao/ba0ea39/, 907 ,128978
https://wh.lianjia.com/chengjiao/ba43ea48/, 2070 ,131048
https://wh.lianjia.com/chengjiao/ba53ea58/, 1850 ,132898
https://wh.lianjia.com/chengjiao/ba39ea43/, 1547 ,134445
https://wh.lianjia.com/chengjiao/ba48ea53/, 1902 ,136347
https://jn.lianjia.com/chengjiao/ba68ea78/, 2453 ,138800
https://jn.lianjia.com/chengjiao/ba136ea156/, 1240 ,140040
https://jn.lianjia.com/chengjiao/ba63ea68/, 1395 ,141435
https://jn.lianjia.com/chengjiao/ba107ea117/, 1483 ,142918
https://jn.lianjia.com/chengjiao/ba97ea107/, 2152 ,145070
https://wh.lianjia.com/chengjiao/ba75ea78/, 2230 ,147300
https://wh.lianjia.com/chengjiao/ba73ea75/, 1268 ,148568
https://jn.lianjia.com/chengjiao/ba78ea87/, 2561 ,151129
https://jn.lianjia.com/chengjiao/ba92ea97/, 2013 ,153142
https://jn.lianjia.com/chengjiao/ba87ea92/, 1900 ,155042
https://wh.lianjia.com/chengjiao/ba68ea73/, 2571 ,157613
https://wh.lianjia.com/chengjiao/ba63ea68/, 2091 ,159704
https://wh.lianjia.com/chengjiao/ba58ea63/, 2304 ,162008
https://jn.lianjia.com/chengjiao/ba58ea63/, 1872 ,163880
https://jn.lianjia.com/chengjiao/ba117ea136/, 1771 ,165651
https://jn.lianjia.com/chengjiao/ba48ea58/, 2625 ,168276
https://jn.lianjia.com/chengjiao/ba39ea48/, 1690 ,169966
https://wh.lianjia.com/chengjiao/ba102ea107/, 2089 ,172055
https://wh.lianjia.com/chengjiao/ba97ea102/, 2942 ,174997
https://wh.lianjia.com/chengjiao/ba80ea82/, 1687 ,176684
https://wh.lianjia.com/chengjiao/ba82ea84/, 1961 ,178645
https://wh.lianjia.com/chengjiao/ba78ea80/, 1911 ,180556
https://wh.lianjia.com/chengjiao/ba84ea85/, 1180 ,181736
https://wh.lianjia.com/chengjiao/ba85ea87/, 2540 ,184276
https://wh.lianjia.com/chengjiao/ba112ea117/, 1729 ,186005
https://wh.lianjia.com/chengjiao/ba95ea97/, 1943 ,187948
https://wh.lianjia.com/chengjiao/ba92ea94/, 2559 ,190507
https://wh.lianjia.com/chengjiao/ba94ea95/, 1127 ,191634
https://wh.lianjia.com/chengjiao/ba107ea112/, 1907 ,193541
https://wh.lianjia.com/chengjiao/ba89ea90/, 2191 ,195732
https://wh.lianjia.com/chengjiao/ba88ea89/, 1694 ,197426
https://wh.lianjia.com/chengjiao/ba87ea88/, 1349 ,198775
https://wh.lianjia.com/chengjiao/ba90ea91/, 1838 ,200613
https://wh.lianjia.com/chengjiao/ba91ea92/, 1541 ,202154
https://wh.lianjia.com/chengjiao/ba146ea156/, 905 ,203059
https://wh.lianjia.com/chengjiao/ba121ea126/, 1782 ,204841
https://wh.lianjia.com/chengjiao/ba117ea121/, 1686 ,206527
https://wh.lianjia.com/chengjiao/ba136ea146/, 2318 ,208845
https://sjz.lianjia.com/chengjiao/ba312ea625/, 17 ,208862
https://sjz.lianjia.com/chengjiao/ba156ea312/, 386 ,209248
https://sjz.lianjia.com/chengjiao/ba117ea156/, 2065 ,211313
https://sjz.lianjia.com/chengjiao/ba0ea39/, 298 ,211611
https://sjz.lianjia.com/chengjiao/ba97ea117/, 2021 ,213632
https://sjz.lianjia.com/chengjiao/ba39ea58/, 1781 ,215413
https://sjz.lianjia.com/chengjiao/ba58ea78/, 2854 ,218267
https://sjz.lianjia.com/chengjiao/ba78ea87/, 1336 ,219603
https://sjz.lianjia.com/chengjiao/ba87ea97/, 2694 ,222297
https://wh.lianjia.com/chengjiao/ba131ea136/, 1641 ,223938
https://wh.lianjia.com/chengjiao/ba126ea131/, 1893 ,225831
https://ts.lianjia.com/chengjiao/ba0ea78/, 1753 ,227584
https://ts.lianjia.com/chengjiao/ba78ea156/, 1851 ,229435
https://nj.lianjia.com/chengjiao/ba625ea1250/, 1 ,229436
https://nj.lianjia.com/chengjiao/ba312ea625/, 50 ,229486
https://nj.lianjia.com/chengjiao/ba156ea312/, 1428 ,230914
https://nj.lianjia.com/chengjiao/ba0ea39/, 2659 ,233573
https://nj.lianjia.com/chengjiao/ba136ea156/, 2044 ,235617
https://nj.lianjia.com/chengjiao/ba117ea126/, 2282 ,237899
https://nj.lianjia.com/chengjiao/ba126ea136/, 2120 ,240019
https://nj.lianjia.com/chengjiao/ba107ea117/, 2844 ,242863
https://nj.lianjia.com/chengjiao/ba78ea80/, 1689 ,244552
https://nj.lianjia.com/chengjiao/ba82ea84/, 1407 ,245959
https://nj.lianjia.com/chengjiao/ba87ea89/, 2651 ,248610
https://nj.lianjia.com/chengjiao/ba94ea97/, 1714 ,250324
https://nj.lianjia.com/chengjiao/ba97ea102/, 1982 ,252306
https://nj.lianjia.com/chengjiao/ba80ea82/, 1529 ,253835
https://nj.lianjia.com/chengjiao/ba102ea107/, 1542 ,255377
https://nj.lianjia.com/chengjiao/ba39ea43/, 2518 ,257895
https://nj.lianjia.com/chengjiao/ba92ea94/, 1424 ,259319
https://nj.lianjia.com/chengjiao/ba58ea60/, 1866 ,261185
https://nj.lianjia.com/chengjiao/ba55ea58/, 2889 ,264074
https://nj.lianjia.com/chengjiao/ba60ea61/, 1100 ,265174
https://nj.lianjia.com/chengjiao/ba61ea63/, 2405 ,267579
https://nj.lianjia.com/chengjiao/ba70ea73/, 2097 ,269676
https://nj.lianjia.com/chengjiao/ba68ea70/, 2063 ,271739
https://nj.lianjia.com/chengjiao/ba75ea78/, 2693 ,274432
https://nj.lianjia.com/chengjiao/ba73ea75/, 1409 ,275841
https://nj.lianjia.com/chengjiao/ba85ea87/, 2181 ,278022
https://nj.lianjia.com/chengjiao/ba84ea85/, 879 ,278901
https://nj.lianjia.com/chengjiao/ba43ea45/, 1309 ,280210
https://nj.lianjia.com/chengjiao/ba45ea48/, 2305 ,282515
https://nj.lianjia.com/chengjiao/ba63ea65/, 2615 ,285130
https://nj.lianjia.com/chengjiao/ba66ea68/, 2163 ,287293
https://nj.lianjia.com/chengjiao/ba65ea66/, 1336 ,288629
https://nj.lianjia.com/chengjiao/ba89ea90/, 1436 ,290065
https://nj.lianjia.com/chengjiao/ba90ea92/, 1772 ,291837
https://nj.lianjia.com/chengjiao/ba48ea50/, 2070 ,293907
https://nj.lianjia.com/chengjiao/ba53ea55/, 1883 ,295790
https://nj.lianjia.com/chengjiao/ba51ea53/, 2423 ,298213
https://nj.lianjia.com/chengjiao/ba50ea51/, 1529 ,299742
https://sh.lianjia.com/chengjiao/ba1250ea2500/, 1 ,299743
https://sh.lianjia.com/chengjiao/ba625ea1250/, 37 ,299780
https://sh.lianjia.com/chengjiao/ba312ea625/, 1197 ,300977
https://km.lianjia.com/chengjiao/ba312ea625/, 19 ,300996
https://km.lianjia.com/chengjiao/ba156ea312/, 337 ,301333
https://linyi.lianjia.com/chengjiao/ba312ea625/, 25 ,301358
https://linyi.lianjia.com/chengjiao/ba156ea312/, 154 ,301512
https://mianyang.lianjia.com/chengjiao/ba312ea625/, 5 ,301517
https://mianyang.lianjia.com/chengjiao/ba156ea312/, 152 ,301669
https://linyi.lianjia.com/chengjiao/ba78ea156/, 2845 ,304514
https://linyi.lianjia.com/chengjiao/ba0ea78/, 557 ,305071
https://mianyang.lianjia.com/chengjiao/ba0ea78/, 998 ,306069
https://mianyang.lianjia.com/chengjiao/ba78ea117/, 2386 ,308455
https://mianyang.lianjia.com/chengjiao/ba117ea156/, 814 ,309269
https://sh.lianjia.com/chengjiao/ba234ea312/, 2357 ,311626
https://km.lianjia.com/chengjiao/ba0ea78/, 1827 ,313453
https://km.lianjia.com/chengjiao/ba117ea156/, 1095 ,314548
https://km.lianjia.com/chengjiao/ba78ea117/, 2374 ,316922
https://sh.lianjia.com/chengjiao/ba195ea234/, 2941 ,319863
https://sh.lianjia.com/chengjiao/ba50ea51/, 2978 ,322841
https://sh.lianjia.com/chengjiao/ba40ea41/, 2654 ,325495
https://sh.lianjia.com/chengjiao/ba39ea40/, 2280 ,327775
https://sh.lianjia.com/chengjiao/ba64ea65/, 2559 ,330334
https://sh.lianjia.com/chengjiao/ba63ea64/, 2292 ,332626
https://sh.lianjia.com/chengjiao/sf1ba53ea54/, 3208 ,335834
https://sh.lianjia.com/chengjiao/sf2ba53ea54/, 147 ,335981
https://sh.lianjia.com/chengjiao/ba141ea146/, 2418 ,338399
https://sh.lianjia.com/chengjiao/sf5ba55ea56/, 9 ,338408
https://sh.lianjia.com/chengjiao/sf6ba55ea56/, 1 ,338409
https://sh.lianjia.com/chengjiao/sf1ba55ea56/, 3223 ,341632
https://sh.lianjia.com/chengjiao/sf5ba56ea57/, 4 ,341636
https://sh.lianjia.com/chengjiao/sf1ba56ea57/, 3200 ,344836
https://sh.lianjia.com/chengjiao/sf6ba56ea57/, 1 ,344837
https://sh.lianjia.com/chengjiao/sf2ba56ea57/, 120 ,344957
https://sh.lianjia.com/chengjiao/sf5ba53ea54/, 9 ,344966
https://sh.lianjia.com/chengjiao/sf2ba55ea56/, 125 ,345091
https://sh.lianjia.com/chengjiao/ba136ea138/, 1400 ,346491
https://sh.lianjia.com/chengjiao/ba138ea141/, 1863 ,348354
https://sh.lianjia.com/chengjiao/ba133ea136/, 2119 ,350473
https://sh.lianjia.com/chengjiao/ba131ea133/, 1432 ,351905
https://sh.lianjia.com/chengjiao/sf1ba57ea58/, 3108 ,355013
https://sh.lianjia.com/chengjiao/sf6ba57ea58/, 2 ,355015
https://sh.lianjia.com/chengjiao/sf5ba57ea58/, 6 ,355021
https://sh.lianjia.com/chengjiao/sf2ba57ea58/, 81 ,355102
https://sh.lianjia.com/chengjiao/ba128ea131/, 2188 ,357290
https://sh.lianjia.com/chengjiao/ba126ea128/, 1548 ,358838
https://sh.lianjia.com/chengjiao/sf5ba54ea55/, 11 ,358849
https://sh.lianjia.com/chengjiao/sf2ba54ea55/, 144 ,358993
https://sh.lianjia.com/chengjiao/ba52ea53/, 2971 ,361964
https://sh.lianjia.com/chengjiao/sf1ba54ea55/, 3314 ,365278
https://sh.lianjia.com/chengjiao/sf5ba51ea52/, 16 ,365294
https://sh.lianjia.com/chengjiao/sf2ba51ea52/, 95 ,365389
https://sh.lianjia.com/chengjiao/sf1ba51ea52/, 2887 ,368276
https://sh.lianjia.com/chengjiao/sf6ba51ea52/, 4 ,368280
https://sh.lianjia.com/chengjiao/ba65ea66/, 2707 ,370987
https://sh.lianjia.com/chengjiao/ba117ea119/, 1460 ,372447
https://sh.lianjia.com/chengjiao/ba67ea68/, 2542 ,374989
https://sh.lianjia.com/chengjiao/ba66ea67/, 2640 ,377629
https://sh.lianjia.com/chengjiao/ba119ea121/, 1558 ,379187
https://sh.lianjia.com/chengjiao/ba123ea126/, 2388 ,381575
https://sh.lianjia.com/chengjiao/ba121ea123/, 1586 ,383161
https://sh.lianjia.com/chengjiao/ba146ea151/, 1981 ,385142
https://sh.lianjia.com/chengjiao/ba151ea156/, 1687 ,386829
https://sh.lianjia.com/chengjiao/ba41ea42/, 2745 ,389574
https://sh.lianjia.com/chengjiao/ba44ea45/, 2158 ,391732
https://sh.lianjia.com/chengjiao/ba49ea50/, 2769 ,394501
https://sh.lianjia.com/chengjiao/ba45ea46/, 2215 ,396716
https://sh.lianjia.com/chengjiao/ba48ea49/, 2850 ,399566
https://sh.lianjia.com/chengjiao/ba43ea44/, 2404 ,401970
https://sh.lianjia.com/chengjiao/ba46ea47/, 2319 ,404289
https://sh.lianjia.com/chengjiao/ba47ea48/, 2959 ,407248
https://sh.lianjia.com/chengjiao/sf5ba42ea43/, 23 ,407271
https://sh.lianjia.com/chengjiao/sf2ba42ea43/, 155 ,407426
https://sh.lianjia.com/chengjiao/sf1ba42ea43/, 2843 ,410269
https://sh.lianjia.com/chengjiao/sf6ba42ea43/, 3 ,410272
https://sh.lianjia.com/chengjiao/ba58ea59/, 2949 ,413221
https://sh.lianjia.com/chengjiao/ba70ea71/, 2815 ,416036
https://sh.lianjia.com/chengjiao/ba74ea75/, 2883 ,418919
https://sh.lianjia.com/chengjiao/ba73ea74/, 2595 ,421514
https://sh.lianjia.com/chengjiao/ba75ea76/, 2698 ,424212
https://sh.lianjia.com/chengjiao/ba77ea78/, 2685 ,426897
https://sh.lianjia.com/chengjiao/ba68ea69/, 2333 ,429230
https://sh.lianjia.com/chengjiao/ba69ea70/, 2444 ,431674
https://sh.lianjia.com/chengjiao/ba76ea77/, 2683 ,434357
https://sh.lianjia.com/chengjiao/sf2ba60ea61/, 114 ,434471
https://sh.lianjia.com/chengjiao/ba62ea63/, 2745 ,437216
https://sh.lianjia.com/chengjiao/sf5ba60ea61/, 15 ,437231
https://sh.lianjia.com/chengjiao/sf1ba60ea61/, 2903 ,440134
https://sh.lianjia.com/chengjiao/ba61ea62/, 2764 ,442898
https://sh.lianjia.com/chengjiao/ba71ea72/, 2514 ,445412
https://sh.lianjia.com/chengjiao/ba72ea73/, 3000 ,448412
https://sh.lianjia.com/chengjiao/sf2ba59ea60/, 111 ,448523
https://sh.lianjia.com/chengjiao/sf6ba59ea60/, 1 ,448524
https://sh.lianjia.com/chengjiao/sf1ba59ea60/, 3086 ,451610
https://sh.lianjia.com/chengjiao/sf3ba59ea60/, 1 ,451611
https://sh.lianjia.com/chengjiao/sf5ba59ea60/, 6 ,451617
https://sh.lianjia.com/chengjiao/ba175ea195/, 2587 ,454204
https://sh.lianjia.com/chengjiao/ba156ea165/, 2416 ,456620
https://sh.lianjia.com/chengjiao/ba165ea175/, 2063 ,458683
https://sh.lianjia.com/chengjiao/ba0ea19/, 109 ,458792
https://sh.lianjia.com/chengjiao/ba19ea29/, 1909 ,460701
https://sh.lianjia.com/chengjiao/ba104ea107/, 2962 ,463663
https://sh.lianjia.com/chengjiao/ba97ea99/, 2930 ,466593
https://sh.lianjia.com/chengjiao/ba107ea109/, 1839 ,468432
https://sh.lianjia.com/chengjiao/ba114ea117/, 2437 ,470869
https://sh.lianjia.com/chengjiao/ba102ea104/, 2634 ,473503
https://sh.lianjia.com/chengjiao/ba112ea114/, 1722 ,475225
https://sh.lianjia.com/chengjiao/ba109ea112/, 2637 ,477862
https://sh.lianjia.com/chengjiao/ba29ea31/, 2205 ,480067
https://sh.lianjia.com/chengjiao/ba87ea88/, 2910 ,482977
https://sh.lianjia.com/chengjiao/sf3ba89ea90/, 15 ,482992
https://sh.lianjia.com/chengjiao/sf5ba89ea90/, 5 ,482997
https://sh.lianjia.com/chengjiao/sf1ba88ea89/, 3652 ,486649
https://sh.lianjia.com/chengjiao/sf5ba88ea89/, 6 ,486655
https://sh.lianjia.com/chengjiao/sf3ba88ea89/, 9 ,486664
https://sh.lianjia.com/chengjiao/sf1ba89ea90/, 3982 ,490646
https://sh.lianjia.com/chengjiao/ba91ea92/, 2456 ,493102
https://sh.lianjia.com/chengjiao/ba90ea91/, 2923 ,496025
https://sh.lianjia.com/chengjiao/sf2ba89ea90/, 8 ,496033
https://sh.lianjia.com/chengjiao/sf2ba88ea89/, 11 ,496044
https://sh.lianjia.com/chengjiao/ba80ea81/, 2219 ,498263
https://sh.lianjia.com/chengjiao/ba79ea80/, 2103 ,500366
https://sh.lianjia.com/chengjiao/ba78ea79/, 2376 ,502742
https://sh.lianjia.com/chengjiao/ba81ea82/, 2289 ,505031
https://sh.lianjia.com/chengjiao/ba36ea37/, 1887 ,506918
https://sh.lianjia.com/chengjiao/ba35ea36/, 2088 ,509006
https://sh.lianjia.com/chengjiao/ba99ea100/, 1488 ,510494
https://sh.lianjia.com/chengjiao/ba100ea102/, 2849 ,513343
https://sh.lianjia.com/chengjiao/ba34ea35/, 2295 ,515638
https://sh.lianjia.com/chengjiao/ba94ea95/, 1742 ,517380
https://sh.lianjia.com/chengjiao/ba96ea97/, 1646 ,519026
https://sh.lianjia.com/chengjiao/ba95ea96/, 1672 ,520698
https://sh.lianjia.com/chengjiao/ba93ea94/, 2051 ,522749
https://sh.lianjia.com/chengjiao/ba92ea93/, 2090 ,524839
https://sh.lianjia.com/chengjiao/ba37ea38/, 2095 ,526934
https://sh.lianjia.com/chengjiao/ba38ea39/, 2015 ,528949
https://sh.lianjia.com/chengjiao/ba31ea32/, 1235 ,530184
https://sh.lianjia.com/chengjiao/ba84ea85/, 2141 ,532325
https://sh.lianjia.com/chengjiao/ba85ea86/, 2215 ,534540
https://sh.lianjia.com/chengjiao/ba86ea87/, 2537 ,537077
https://sh.lianjia.com/chengjiao/ba32ea33/, 1446 ,538523
https://sh.lianjia.com/chengjiao/ba33ea34/, 1761 ,540284
https://sh.lianjia.com/chengjiao/ba82ea83/, 2190 ,542474
https://sh.lianjia.com/chengjiao/ba83ea84/, 1977 ,544451
https://xz.lianjia.com/chengjiao/ba312ea625/, 30 ,544481
https://xz.lianjia.com/chengjiao/ba156ea312/, 228 ,544709
https://xz.lianjia.com/chengjiao/ba0ea78/, 2058 ,546767
https://luoyang.lianjia.com/chengjiao/ba312ea625/, 12 ,546779
https://xz.lianjia.com/chengjiao/ba117ea156/, 1098 ,547877
https://luoyang.lianjia.com/chengjiao/ba156ea312/, 279 ,548156
https://xz.lianjia.com/chengjiao/ba78ea97/, 2362 ,550518
https://xz.lianjia.com/chengjiao/ba97ea117/, 1383 ,551901
https://luoyang.lianjia.com/chengjiao/ba0ea78/, 1851 ,553752
https://luoyang.lianjia.com/chengjiao/ba117ea156/, 1166 ,554918
https://luoyang.lianjia.com/chengjiao/ba78ea117/, 2027 ,556945
https://lz.lianjia.com/chengjiao/ba156ea312/, 105 ,557050
https://lz.lianjia.com/chengjiao/ba78ea156/, 1830 ,558880
https://lz.lianjia.com/chengjiao/ba0ea78/, 1371 ,560251
https://xa.lianjia.com/chengjiao/ba1250ea2500/, 1 ,560252
https://xa.lianjia.com/chengjiao/ba312ea625/, 63 ,560315
https://nb.lianjia.com/chengjiao/ba625ea1250/, 6 ,560321
https://xa.lianjia.com/chengjiao/ba156ea312/, 1251 ,561572
https://nb.lianjia.com/chengjiao/ba312ea625/, 35 ,561607
https://nb.lianjia.com/chengjiao/ba156ea312/, 535 ,562142
https://xa.lianjia.com/chengjiao/ba0ea39/, 1820 ,563962
https://xa.lianjia.com/chengjiao/ba107ea117/, 1957 ,565919
https://xa.lianjia.com/chengjiao/ba97ea107/, 2816 ,568735
https://xa.lianjia.com/chengjiao/ba78ea82/, 1834 ,570569
https://xa.lianjia.com/chengjiao/ba82ea87/, 2717 ,573286
https://xa.lianjia.com/chengjiao/ba92ea97/, 2961 ,576247
https://xa.lianjia.com/chengjiao/ba89ea92/, 2867 ,579114
https://xa.lianjia.com/chengjiao/ba87ea89/, 1734 ,580848
https://xa.lianjia.com/chengjiao/ba39ea48/, 2388 ,583236
https://xa.lianjia.com/chengjiao/ba58ea68/, 2440 ,585676
https://xa.lianjia.com/chengjiao/ba53ea58/, 1438 ,587114
https://xa.lianjia.com/chengjiao/ba48ea53/, 1767 ,588881
https://xa.lianjia.com/chengjiao/ba73ea78/, 1705 ,590586
https://xa.lianjia.com/chengjiao/ba68ea73/, 1320 ,591906
https://nb.lianjia.com/chengjiao/ba0ea39/, 757 ,592663
https://nb.lianjia.com/chengjiao/ba117ea156/, 2098 ,594761
https://xa.lianjia.com/chengjiao/ba136ea156/, 1985 ,596746
https://nb.lianjia.com/chengjiao/ba39ea58/, 2208 ,598954
https://nb.lianjia.com/chengjiao/ba58ea78/, 2930 ,601884
https://xa.lianjia.com/chengjiao/ba126ea136/, 1815 ,603699
https://nb.lianjia.com/chengjiao/ba97ea117/, 2188 ,605887
https://xa.lianjia.com/chengjiao/ba117ea126/, 1796 ,607683
https://nb.lianjia.com/chengjiao/ba78ea87/, 1689 ,609372
https://nb.lianjia.com/chengjiao/ba87ea97/, 2262 ,611634
https://gy.lianjia.com/chengjiao/ba312ea625/, 11 ,611645
https://gy.lianjia.com/chengjiao/ba156ea312/, 311 ,611956
https://cs.lianjia.com/chengjiao/ba312ea625/, 28 ,611984
https://jl.lianjia.com/chengjiao/ba156ea312/, 63 ,612047
https://dl.lianjia.com/chengjiao/ba312ea625/, 35 ,612082
https://jl.lianjia.com/chengjiao/ba0ea78/, 1784 ,613866
https://jl.lianjia.com/chengjiao/ba78ea156/, 1629 ,615495
https://gy.lianjia.com/chengjiao/ba0ea78/, 2078 ,617573
https://dl.lianjia.com/chengjiao/ba156ea312/, 1837 ,619410
https://dl.lianjia.com/chengjiao/ba0ea19/, 4 ,619414
https://dl.lianjia.com/chengjiao/ba19ea29/, 422 ,619836
https://cs.lianjia.com/chengjiao/ba156ea312/, 764 ,620600
https://dl.lianjia.com/chengjiao/ba136ea156/, 2700 ,623300
https://dl.lianjia.com/chengjiao/ba29ea34/, 2083 ,625383
https://dl.lianjia.com/chengjiao/ba34ea36/, 1173 ,626556
https://dl.lianjia.com/chengjiao/ba36ea39/, 2126 ,628682
https://dl.lianjia.com/chengjiao/ba68ea70/, 2767 ,631449
https://cs.lianjia.com/chengjiao/ba97ea117/, 1417 ,632866
https://dl.lianjia.com/chengjiao/ba71ea73/, 2362 ,635228
https://dl.lianjia.com/chengjiao/ba70ea71/, 1236 ,636464
https://cs.lianjia.com/chengjiao/ba117ea136/, 2004 ,638468
https://cs.lianjia.com/chengjiao/ba136ea156/, 1031 ,639499
https://dl.lianjia.com/chengjiao/ba92ea94/, 2203 ,641702
https://dl.lianjia.com/chengjiao/ba94ea97/, 2358 ,644060
https://dl.lianjia.com/chengjiao/ba88ea89/, 1758 ,645818
https://dl.lianjia.com/chengjiao/ba87ea88/, 1501 ,647319
https://dl.lianjia.com/chengjiao/ba89ea90/, 1876 ,649195
https://dl.lianjia.com/chengjiao/ba90ea92/, 2564 ,651759
https://cs.lianjia.com/chengjiao/ba87ea97/, 2800 ,654559
https://cs.lianjia.com/chengjiao/ba78ea87/, 1416 ,655975
https://dl.lianjia.com/chengjiao/ba80ea82/, 2335 ,658310
https://dl.lianjia.com/chengjiao/ba78ea80/, 2683 ,660993
https://dl.lianjia.com/chengjiao/ba85ea87/, 2794 ,663787
https://dl.lianjia.com/chengjiao/ba84ea85/, 1146 ,664933
https://dl.lianjia.com/chengjiao/ba82ea84/, 2221 ,667154
https://dl.lianjia.com/chengjiao/ba48ea50/, 2879 ,670033
https://dl.lianjia.com/chengjiao/ba43ea45/, 2048 ,672081
https://dl.lianjia.com/chengjiao/ba56ea58/, 2796 ,674877
https://dl.lianjia.com/chengjiao/ba51ea53/, 2929 ,677806
https://dl.lianjia.com/chengjiao/ba50ea51/, 1843 ,679649
https://dl.lianjia.com/chengjiao/ba55ea56/, 1503 ,681152
https://dl.lianjia.com/chengjiao/ba39ea41/, 1647 ,682799
https://dl.lianjia.com/chengjiao/ba41ea43/, 1978 ,684777
https://dl.lianjia.com/chengjiao/ba54ea55/, 1577 ,686354
https://dl.lianjia.com/chengjiao/ba53ea54/, 1462 ,687816
https://dl.lianjia.com/chengjiao/ba45ea46/, 1104 ,688920
https://dl.lianjia.com/chengjiao/ba47ea48/, 1867 ,690787
https://dl.lianjia.com/chengjiao/ba46ea47/, 1464 ,692251
https://dl.lianjia.com/chengjiao/ba58ea60/, 2684 ,694935
https://dl.lianjia.com/chengjiao/ba60ea61/, 1317 ,696252
https://dl.lianjia.com/chengjiao/ba61ea63/, 2489 ,698741
https://dl.lianjia.com/chengjiao/ba63ea65/, 2473 ,701214
https://dl.lianjia.com/chengjiao/ba66ea68/, 2610 ,703824
https://cs.lianjia.com/chengjiao/ba39ea58/, 1953 ,705777
https://dl.lianjia.com/chengjiao/ba65ea66/, 1373 ,707150
https://dl.lianjia.com/chengjiao/ba126ea136/, 2203 ,709353
https://dl.lianjia.com/chengjiao/ba117ea126/, 2306 ,711659
https://dl.lianjia.com/chengjiao/ba112ea117/, 1497 ,713156
https://cs.lianjia.com/chengjiao/ba0ea39/, 547 ,713703
https://dl.lianjia.com/chengjiao/ba107ea112/, 1751 ,715454
https://cs.lianjia.com/chengjiao/ba58ea78/, 1535 ,716989
https://dl.lianjia.com/chengjiao/ba73ea75/, 2364 ,719353
https://dl.lianjia.com/chengjiao/ba75ea76/, 1454 ,720807
https://dl.lianjia.com/chengjiao/ba76ea78/, 2425 ,723232
https://dl.lianjia.com/chengjiao/ba102ea107/, 2169 ,725401
https://dl.lianjia.com/chengjiao/ba99ea102/, 1688 ,727089
https://dl.lianjia.com/chengjiao/ba97ea99/, 1474 ,728563
https://gy.lianjia.com/chengjiao/ba117ea156/, 1446 ,730009
https://gy.lianjia.com/chengjiao/ba78ea117/, 2679 ,732688
https://yt.lianjia.com/chengjiao/ba2500ea5000/, 1 ,732689
https://yt.lianjia.com/chengjiao/ba312ea625/, 5 ,732694
https://yt.lianjia.com/chengjiao/ba156ea312/, 1311 ,734005
https://yt.lianjia.com/chengjiao/ba0ea39/, 1284 ,735289
https://hrb.lianjia.com/chengjiao/ba312ea625/, 2 ,735291
https://yt.lianjia.com/chengjiao/ba39ea48/, 1357 ,736648
https://yt.lianjia.com/chengjiao/ba48ea58/, 2675 ,739323
https://hrb.lianjia.com/chengjiao/ba156ea312/, 201 ,739524
https://yt.lianjia.com/chengjiao/ba58ea63/, 1595 ,741119
https://yt.lianjia.com/chengjiao/ba63ea68/, 1805 ,742924
https://yt.lianjia.com/chengjiao/ba68ea73/, 1915 ,744839
https://yt.lianjia.com/chengjiao/ba73ea78/, 2168 ,747007
https://hrb.lianjia.com/chengjiao/ba0ea39/, 931 ,747938
https://hrb.lianjia.com/chengjiao/ba117ea156/, 761 ,748699
https://hrb.lianjia.com/chengjiao/ba78ea117/, 2720 ,751419
https://hrb.lianjia.com/chengjiao/ba39ea58/, 2520 ,753939
https://hrb.lianjia.com/chengjiao/ba58ea68/, 1700 ,755639
https://hrb.lianjia.com/chengjiao/ba68ea78/, 1374 ,757013
https://yt.lianjia.com/chengjiao/ba117ea136/, 2266 ,759279
https://yt.lianjia.com/chengjiao/ba136ea156/, 1526 ,760805
https://yt.lianjia.com/chengjiao/ba82ea87/, 2148 ,762953
https://yt.lianjia.com/chengjiao/ba78ea82/, 1768 ,764721
https://yt.lianjia.com/chengjiao/ba92ea97/, 1794 ,766515
https://yt.lianjia.com/chengjiao/ba87ea92/, 1982 ,768497
https://yt.lianjia.com/chengjiao/ba107ea117/, 1895 ,770392
https://yt.lianjia.com/chengjiao/ba97ea107/, 2218 ,772610
https://sy.lianjia.com/chengjiao/ba625ea1250/, 1 ,772611
https://sy.lianjia.com/chengjiao/ba312ea625/, 24 ,772635
https://cd.lianjia.com/chengjiao/ba625ea1250/, 5 ,772640
https://sy.lianjia.com/chengjiao/ba156ea312/, 1075 ,773715
https://cd.lianjia.com/chengjiao/ba312ea625/, 546 ,774261
https://su.lianjia.com/chengjiao/ba1250ea2500/, 1 ,774262
https://wx.lianjia.com/chengjiao/ba625ea1250/, 1 ,774263
https://su.lianjia.com/chengjiao/ba625ea1250/, 14 ,774277
https://wx.lianjia.com/chengjiao/ba312ea625/, 16 ,774293
https://wx.lianjia.com/chengjiao/ba156ea312/, 276 ,774569
https://su.lianjia.com/chengjiao/ba156ea312/, 2265 ,776834
https://su.lianjia.com/chengjiao/ba312ea625/, 252 ,777086
https://wx.lianjia.com/chengjiao/ba0ea39/, 187 ,777273
https://wx.lianjia.com/chengjiao/ba117ea156/, 1297 ,778570
https://wx.lianjia.com/chengjiao/ba39ea58/, 1338 ,779908
https://wx.lianjia.com/chengjiao/ba58ea78/, 2202 ,782110
https://wx.lianjia.com/chengjiao/ba78ea87/, 1055 ,783165
https://wx.lianjia.com/chengjiao/ba97ea117/, 1107 ,784272
https://wx.lianjia.com/chengjiao/ba87ea97/, 2016 ,786288
https://su.lianjia.com/chengjiao/ba136ea156/, 2816 ,789104
https://su.lianjia.com/chengjiao/ba117ea126/, 2308 ,791412
https://su.lianjia.com/chengjiao/ba107ea117/, 2519 ,793931
https://su.lianjia.com/chengjiao/ba126ea136/, 2311 ,796242
https://su.lianjia.com/chengjiao/ba78ea82/, 2305 ,798547
https://su.lianjia.com/chengjiao/ba82ea84/, 1274 ,799821
https://su.lianjia.com/chengjiao/ba84ea87/, 2261 ,802082
https://su.lianjia.com/chengjiao/ba102ea107/, 1403 ,803485
https://su.lianjia.com/chengjiao/ba92ea94/, 1371 ,804856
https://su.lianjia.com/chengjiao/ba94ea97/, 2011 ,806867
https://su.lianjia.com/chengjiao/ba87ea89/, 2437 ,809304
https://su.lianjia.com/chengjiao/ba97ea102/, 2331 ,811635
https://su.lianjia.com/chengjiao/ba90ea92/, 1299 ,812934
https://su.lianjia.com/chengjiao/ba89ea90/, 2331 ,815265
https://su.lianjia.com/chengjiao/ba0ea39/, 782 ,816047
https://su.lianjia.com/chengjiao/ba39ea48/, 2917 ,818964
https://su.lianjia.com/chengjiao/ba73ea78/, 2033 ,820997
https://su.lianjia.com/chengjiao/ba63ea68/, 2152 ,823149
https://su.lianjia.com/chengjiao/ba68ea73/, 2023 ,825172
https://su.lianjia.com/chengjiao/ba58ea63/, 2192 ,827364
https://su.lianjia.com/chengjiao/ba48ea53/, 1962 ,829326
https://su.lianjia.com/chengjiao/ba53ea58/, 2079 ,831405
https://sy.lianjia.com/chengjiao/ba117ea136/, 2326 ,833731
https://sy.lianjia.com/chengjiao/ba136ea156/, 1346 ,835077
https://sy.lianjia.com/chengjiao/ba63ea68/, 1791 ,836868
https://sy.lianjia.com/chengjiao/ba68ea73/, 1664 ,838532
https://sy.lianjia.com/chengjiao/ba73ea78/, 2056 ,840588
https://cd.lianjia.com/chengjiao/ba234ea312/, 1459 ,842047
https://sy.lianjia.com/chengjiao/ba58ea63/, 2013 ,844060
https://sy.lianjia.com/chengjiao/ba0ea39/, 1344 ,845404
https://cd.lianjia.com/chengjiao/ba195ea234/, 2342 ,847746
https://cd.lianjia.com/chengjiao/ba185ea195/, 1199 ,848945
https://cd.lianjia.com/chengjiao/ba175ea185/, 1968 ,850913
https://cd.lianjia.com/chengjiao/ba165ea175/, 2429 ,853342
https://cd.lianjia.com/chengjiao/ba160ea165/, 1639 ,854981
https://cd.lianjia.com/chengjiao/ba156ea160/, 1378 ,856359
https://cd.lianjia.com/chengjiao/ba112ea114/, 2869 ,859228
https://cd.lianjia.com/chengjiao/ba107ea109/, 2666 ,861894
https://cd.lianjia.com/chengjiao/ba102ea104/, 2659 ,864553
https://cd.lianjia.com/chengjiao/ba94ea95/, 2215 ,866768
https://cd.lianjia.com/chengjiao/ba95ea96/, 2014 ,868782
https://cd.lianjia.com/chengjiao/ba96ea97/, 2012 ,870794
https://cd.lianjia.com/chengjiao/sf3ba91ea92/, 1 ,870795
https://cd.lianjia.com/chengjiao/sf2ba91ea92/, 11 ,870806
https://cd.lianjia.com/chengjiao/sf2ba90ea91/, 11 ,870817
https://cd.lianjia.com/chengjiao/sf1ba90ea91/, 4894 ,875711
https://cd.lianjia.com/chengjiao/sf1ba91ea92/, 3726 ,879437
https://cd.lianjia.com/chengjiao/sf3ba89ea90/, 9 ,879446
https://cd.lianjia.com/chengjiao/sf1ba89ea90/, 12291 ,891737
https://cd.lianjia.com/chengjiao/sf6ba89ea90/, 1 ,891738
https://cd.lianjia.com/chengjiao/sf2ba89ea90/, 23 ,891761
https://cd.lianjia.com/chengjiao/sf3ba87ea88/, 3 ,891764
https://cd.lianjia.com/chengjiao/sf3ba88ea89/, 1 ,891765
https://cd.lianjia.com/chengjiao/sf1ba88ea89/, 9859 ,901624
https://cd.lianjia.com/chengjiao/sf6ba88ea89/, 1 ,901625
https://cd.lianjia.com/chengjiao/sf2ba87ea88/, 38 ,901663
https://cd.lianjia.com/chengjiao/sf2ba88ea89/, 30 ,901693
https://cd.lianjia.com/chengjiao/sf5ba88ea89/, 1 ,901694
https://cd.lianjia.com/chengjiao/sf1ba87ea88/, 7059 ,908753
https://cd.lianjia.com/chengjiao/ba115ea117/, 2821 ,911574
https://cd.lianjia.com/chengjiao/ba114ea115/, 1188 ,912762
https://cd.lianjia.com/chengjiao/ba104ea105/, 1682 ,914444
https://cd.lianjia.com/chengjiao/ba93ea94/, 2669 ,917113
https://cd.lianjia.com/chengjiao/ba106ea107/, 1468 ,918581
https://cd.lianjia.com/chengjiao/ba105ea106/, 1724 ,920305
https://cd.lianjia.com/chengjiao/sf1ba92ea93/, 3402 ,923707
https://cd.lianjia.com/chengjiao/sf2ba92ea93/, 8 ,923715
https://cd.lianjia.com/chengjiao/ba99ea100/, 1714 ,925429
https://cd.lianjia.com/chengjiao/ba100ea101/, 1461 ,926890
https://cd.lianjia.com/chengjiao/ba101ea102/, 1788 ,928678
https://cd.lianjia.com/chengjiao/ba98ea99/, 1762 ,930440
https://cd.lianjia.com/chengjiao/ba97ea98/, 2030 ,932470
https://cd.lianjia.com/chengjiao/sf2ba82ea83/, 18 ,932488
https://cd.lianjia.com/chengjiao/sf1ba82ea83/, 4261 ,936749
https://cd.lianjia.com/chengjiao/sf1ba83ea84/, 4380 ,941129
https://cd.lianjia.com/chengjiao/sf2ba83ea84/, 13 ,941142
https://cd.lianjia.com/chengjiao/sf6ba82ea83/, 1 ,941143
https://cd.lianjia.com/chengjiao/ba109ea110/, 1450 ,942593
https://cd.lianjia.com/chengjiao/ba110ea112/, 2847 ,945440
https://cd.lianjia.com/chengjiao/sf6ba78ea79/, 1 ,945441
https://cd.lianjia.com/chengjiao/sf3ba78ea79/, 1 ,945442
https://cd.lianjia.com/chengjiao/sf2ba78ea79/, 35 ,945477
https://cd.lianjia.com/chengjiao/sf2ba79ea80/, 45 ,945522
https://cd.lianjia.com/chengjiao/sf1ba79ea80/, 4689 ,950211
https://cd.lianjia.com/chengjiao/sf2ba81ea82/, 25 ,950236
https://cd.lianjia.com/chengjiao/sf1ba81ea82/, 4348 ,954584
https://cd.lianjia.com/chengjiao/sf1ba78ea79/, 4708 ,959292
https://cd.lianjia.com/chengjiao/sf6ba80ea81/, 2 ,959294
https://cd.lianjia.com/chengjiao/sf2ba80ea81/, 54 ,959348
https://cd.lianjia.com/chengjiao/sf1ba80ea81/, 3850 ,963198
https://cd.lianjia.com/chengjiao/sf3ba84ea85/, 4 ,963202
https://cd.lianjia.com/chengjiao/sf1ba84ea85/, 4549 ,967751
https://cd.lianjia.com/chengjiao/sf2ba84ea85/, 19 ,967770
https://cd.lianjia.com/chengjiao/sf1ba85ea86/, 5184 ,972954
https://cd.lianjia.com/chengjiao/sf2ba85ea86/, 11 ,972965
https://cd.lianjia.com/chengjiao/sf3ba85ea86/, 2 ,972967
https://cd.lianjia.com/chengjiao/sf6ba86ea87/, 1 ,972968
https://cd.lianjia.com/chengjiao/sf2ba86ea87/, 18 ,972986
https://cd.lianjia.com/chengjiao/sf1ba86ea87/, 6564 ,979550
https://cd.lianjia.com/chengjiao/sf3ba86ea87/, 1 ,979551
https://cd.lianjia.com/chengjiao/ba151ea156/, 2221 ,981772
https://cd.lianjia.com/chengjiao/ba136ea138/, 2272 ,984044
https://cd.lianjia.com/chengjiao/ba141ea143/, 1834 ,985878
https://cd.lianjia.com/chengjiao/ba143ea146/, 2465 ,988343
https://cd.lianjia.com/chengjiao/ba146ea151/, 2786 ,991129
https://cd.lianjia.com/chengjiao/ba121ea122/, 1526 ,992655
https://cd.lianjia.com/chengjiao/ba122ea123/, 1550 ,994205
https://cd.lianjia.com/chengjiao/ba126ea127/, 1429 ,995634
https://cd.lianjia.com/chengjiao/ba127ea128/, 1644 ,997278
https://cd.lianjia.com/chengjiao/ba139ea141/, 2037 ,999315
https://cd.lianjia.com/chengjiao/ba119ea120/, 1548 ,1000863
https://cd.lianjia.com/chengjiao/ba120ea121/, 1652 ,1002515
https://cd.lianjia.com/chengjiao/ba138ea139/, 1074 ,1003589
https://cd.lianjia.com/chengjiao/ba128ea129/, 1475 ,1005064
https://cd.lianjia.com/chengjiao/ba129ea131/, 2847 ,1007911
https://cd.lianjia.com/chengjiao/ba118ea119/, 1698 ,1009609
https://cd.lianjia.com/chengjiao/ba117ea118/, 1647 ,1011256
https://cd.lianjia.com/chengjiao/ba123ea124/, 1689 ,1012945
https://cd.lianjia.com/chengjiao/ba125ea126/, 1672 ,1014617
https://cd.lianjia.com/chengjiao/ba131ea133/, 2562 ,1017179
https://cd.lianjia.com/chengjiao/ba124ea125/, 1878 ,1019057
https://cd.lianjia.com/chengjiao/ba134ea136/, 2358 ,1021415
https://cd.lianjia.com/chengjiao/ba133ea134/, 1188 ,1022603
https://zz.lianjia.com/chengjiao/ba312ea625/, 34 ,1022637
https://zz.lianjia.com/chengjiao/ba156ea312/, 1471 ,1024108
https://zz.lianjia.com/chengjiao/ba0ea39/, 1963 ,1026071
https://zz.lianjia.com/chengjiao/ba136ea156/, 2143 ,1028214
https://zz.lianjia.com/chengjiao/ba117ea126/, 1586 ,1029800
https://zz.lianjia.com/chengjiao/ba68ea78/, 2777 ,1032577
https://zz.lianjia.com/chengjiao/ba48ea58/, 2360 ,1034937
https://zz.lianjia.com/chengjiao/ba58ea68/, 2132 ,1037069
https://zz.lianjia.com/chengjiao/ba126ea136/, 1772 ,1038841
https://zz.lianjia.com/chengjiao/ba92ea97/, 1950 ,1040791
https://zz.lianjia.com/chengjiao/ba39ea48/, 2732 ,1043523
https://zz.lianjia.com/chengjiao/ba87ea89/, 2171 ,1045694
https://zz.lianjia.com/chengjiao/ba78ea82/, 1427 ,1047121
https://zz.lianjia.com/chengjiao/ba90ea92/, 1416 ,1048537
https://zz.lianjia.com/chengjiao/ba89ea90/, 2624 ,1051161
https://zz.lianjia.com/chengjiao/ba82ea87/, 2276 ,1053437
https://zz.lianjia.com/chengjiao/ba107ea117/, 1743 ,1055180
https://zz.lianjia.com/chengjiao/ba97ea107/, 1932 ,1057112
https://cd.lianjia.com/chengjiao/ba0ea19/, 163 ,1057275
https://cd.lianjia.com/chengjiao/sf2ba75ea76/, 36 ,1057311
https://cd.lianjia.com/chengjiao/ba41ea42/, 1680 ,1058991
https://cd.lianjia.com/chengjiao/ba69ea70/, 2360 ,1061351
https://cd.lianjia.com/chengjiao/sf6ba75ea76/, 1 ,1061352
https://cd.lianjia.com/chengjiao/sf3ba75ea76/, 1 ,1061353
https://cd.lianjia.com/chengjiao/ba42ea43/, 1488 ,1062841
https://cd.lianjia.com/chengjiao/sf5ba68ea69/, 1 ,1062842
https://cd.lianjia.com/chengjiao/ba65ea66/, 2795 ,1065637
https://cd.lianjia.com/chengjiao/sf6ba68ea69/, 4 ,1065641
https://cd.lianjia.com/chengjiao/sf2ba73ea74/, 27 ,1065668
https://cd.lianjia.com/chengjiao/sf3ba73ea74/, 1 ,1065669
https://cd.lianjia.com/chengjiao/sf1ba73ea74/, 3048 ,1068717
https://cd.lianjia.com/chengjiao/sf2ba68ea69/, 50 ,1068767
https://cd.lianjia.com/chengjiao/sf6ba74ea75/, 3 ,1068770
https://cd.lianjia.com/chengjiao/sf6ba73ea74/, 2 ,1068772
https://cd.lianjia.com/chengjiao/sf1ba68ea69/, 2957 ,1071729
https://cd.lianjia.com/chengjiao/sf2ba74ea75/, 27 ,1071756
https://cd.lianjia.com/chengjiao/ba39ea41/, 2233 ,1073989
https://cd.lianjia.com/chengjiao/sf1ba71ea72/, 3023 ,1077012
https://cd.lianjia.com/chengjiao/sf2ba71ea72/, 51 ,1077063
https://cd.lianjia.com/chengjiao/sf6ba71ea72/, 1 ,1077064
https://cd.lianjia.com/chengjiao/sf1ba72ea73/, 3642 ,1080706
https://cd.lianjia.com/chengjiao/sf5ba72ea73/, 1 ,1080707
https://cd.lianjia.com/chengjiao/sf2ba72ea73/, 45 ,1080752
https://cd.lianjia.com/chengjiao/sf1ba75ea76/, 3641 ,1084393
https://cd.lianjia.com/chengjiao/sf1ba74ea75/, 3523 ,1087916
https://cd.lianjia.com/chengjiao/ba67ea68/, 2802 ,1090718
https://cd.lianjia.com/chengjiao/ba66ea67/, 2394 ,1093112
https://cd.lianjia.com/chengjiao/ba70ea71/, 2878 ,1095990
https://cd.lianjia.com/chengjiao/ba19ea29/, 2070 ,1098060
https://cd.lianjia.com/chengjiao/ba29ea31/, 1476 ,1099536
https://cd.lianjia.com/chengjiao/ba31ea34/, 2407 ,1101943
https://cd.lianjia.com/chengjiao/ba34ea36/, 1544 ,1103487
https://cd.lianjia.com/chengjiao/ba36ea39/, 2779 ,1106266
https://cd.lianjia.com/chengjiao/sf1ba77ea78/, 4330 ,1110596
https://cd.lianjia.com/chengjiao/sf2ba77ea78/, 31 ,1110627
https://cd.lianjia.com/chengjiao/sf6ba76ea77/, 1 ,1110628
https://cd.lianjia.com/chengjiao/sf2ba76ea77/, 21 ,1110649
https://cd.lianjia.com/chengjiao/sf1ba76ea77/, 3912 ,1114561
https://cd.lianjia.com/chengjiao/ba63ea64/, 2071 ,1116632
https://cd.lianjia.com/chengjiao/ba64ea65/, 2531 ,1119163
https://cd.lianjia.com/chengjiao/ba43ea44/, 1476 ,1120639
https://cd.lianjia.com/chengjiao/ba44ea45/, 1586 ,1122225
https://cd.lianjia.com/chengjiao/ba45ea46/, 2097 ,1124322
https://cd.lianjia.com/chengjiao/ba46ea47/, 2083 ,1126405
https://cd.lianjia.com/chengjiao/ba47ea48/, 2147 ,1128552
https://cd.lianjia.com/chengjiao/ba60ea61/, 2459 ,1131011
https://cd.lianjia.com/chengjiao/ba58ea59/, 2516 ,1133527
https://cd.lianjia.com/chengjiao/ba50ea51/, 2887 ,1136414
https://cd.lianjia.com/chengjiao/ba59ea60/, 2397 ,1138811
https://cd.lianjia.com/chengjiao/ba55ea56/, 2247 ,1141058
https://cd.lianjia.com/chengjiao/ba57ea58/, 2459 ,1143517
https://cd.lianjia.com/chengjiao/ba61ea62/, 2153 ,1145670
https://cd.lianjia.com/chengjiao/ba48ea49/, 2367 ,1148037
https://cd.lianjia.com/chengjiao/ba56ea57/, 2425 ,1150462
https://cd.lianjia.com/chengjiao/ba62ea63/, 2438 ,1152900
https://cd.lianjia.com/chengjiao/ba51ea52/, 2861 ,1155761
https://cd.lianjia.com/chengjiao/ba52ea53/, 2181 ,1157942
https://cd.lianjia.com/chengjiao/ba49ea50/, 2353 ,1160295
https://cd.lianjia.com/chengjiao/ba53ea54/, 2139 ,1162434
https://cd.lianjia.com/chengjiao/ba54ea55/, 2405 ,1164839
https://sy.lianjia.com/chengjiao/ba107ea117/, 1632 ,1166471
https://sy.lianjia.com/chengjiao/ba97ea107/, 2579 ,1169050
https://sy.lianjia.com/chengjiao/ba39ea48/, 2254 ,1171304
https://sy.lianjia.com/chengjiao/ba92ea97/, 1948 ,1173252
https://sy.lianjia.com/chengjiao/ba78ea82/, 1982 ,1175234
https://sy.lianjia.com/chengjiao/ba82ea87/, 2414 ,1177648
https://sy.lianjia.com/chengjiao/ba53ea58/, 1935 ,1179583
https://sy.lianjia.com/chengjiao/ba87ea89/, 1432 ,1181015
https://sy.lianjia.com/chengjiao/ba89ea92/, 1606 ,1182621
https://sy.lianjia.com/chengjiao/ba48ea53/, 1356 ,1183977
https://hz.lianjia.com/chengjiao/ba2500ea5000/, 1 ,1183978
https://hhht.lianjia.com/chengjiao/ba625ea1250/, 2 ,1183980
https://hhht.lianjia.com/chengjiao/ba312ea625/, 13 ,1183993
https://hhht.lianjia.com/chengjiao/ba156ea312/, 243 ,1184236
https://hhht.lianjia.com/chengjiao/ba0ea78/, 2861 ,1187097
https://hhht.lianjia.com/chengjiao/ba117ea156/, 833 ,1187930
https://hhht.lianjia.com/chengjiao/ba78ea117/, 2348 ,1190278
https://hz.lianjia.com/chengjiao/ba625ea1250/, 5 ,1190283
https://hz.lianjia.com/chengjiao/ba312ea625/, 124 ,1190407
https://hz.lianjia.com/chengjiao/ba156ea312/, 2646 ,1193053
https://hz.lianjia.com/chengjiao/ba0ea19/, 9 ,1193062
https://hz.lianjia.com/chengjiao/ba29ea39/, 2877 ,1195939
https://hz.lianjia.com/chengjiao/ba19ea29/, 285 ,1196224
https://hz.lianjia.com/chengjiao/ba97ea107/, 2063 ,1198287
https://hz.lianjia.com/chengjiao/ba107ea117/, 2189 ,1200476
https://hz.lianjia.com/chengjiao/ba43ea48/, 2816 ,1203292
https://hz.lianjia.com/chengjiao/ba39ea43/, 1728 ,1205020
https://hz.lianjia.com/chengjiao/ba146ea156/, 836 ,1205856
https://hz.lianjia.com/chengjiao/ba53ea55/, 1452 ,1207308
https://hz.lianjia.com/chengjiao/ba126ea136/, 2951 ,1210259
https://hz.lianjia.com/chengjiao/ba63ea68/, 2280 ,1212539
https://hz.lianjia.com/chengjiao/ba136ea146/, 2268 ,1214807
https://hz.lianjia.com/chengjiao/ba92ea97/, 1424 ,1216231
https://hz.lianjia.com/chengjiao/ba55ea58/, 1885 ,1218116
https://hz.lianjia.com/chengjiao/ba60ea63/, 2023 ,1220139
https://hz.lianjia.com/chengjiao/ba117ea126/, 2487 ,1222626
https://hz.lianjia.com/chengjiao/ba68ea73/, 2425 ,1225051
https://hz.lianjia.com/chengjiao/sf2ba88ea89/, 9 ,1225060
https://hz.lianjia.com/chengjiao/ba73ea78/, 2325 ,1227385
https://hz.lianjia.com/chengjiao/sf1ba88ea89/, 3629 ,1231014
https://hz.lianjia.com/chengjiao/ba87ea88/, 2457 ,1233471
https://hz.lianjia.com/chengjiao/ba90ea92/, 1029 ,1234500
https://hz.lianjia.com/chengjiao/sf2ba89ea90/, 31 ,1234531
https://hz.lianjia.com/chengjiao/sf1ba89ea90/, 6739 ,1241270
https://hz.lianjia.com/chengjiao/ba58ea60/, 1403 ,1242673
https://hz.lianjia.com/chengjiao/ba50ea53/, 1964 ,1244637
https://hz.lianjia.com/chengjiao/ba78ea82/, 2136 ,1246773
https://hz.lianjia.com/chengjiao/ba48ea50/, 1162 ,1247935
https://hz.lianjia.com/chengjiao/ba82ea84/, 1377 ,1249312
https://hz.lianjia.com/chengjiao/ba84ea85/, 716 ,1250028
https://hz.lianjia.com/chengjiao/ba85ea87/, 2703 ,1252731
https://sx.lianjia.com/chengjiao/ba312ea625/, 14 ,1252745
https://sx.lianjia.com/chengjiao/ba156ea312/, 217 ,1252962
https://sx.lianjia.com/chengjiao/ba0ea78/, 747 ,1253709
https://sx.lianjia.com/chengjiao/ba78ea156/, 2363 ,1256072
https://wf.lianjia.com/chengjiao/ba312ea625/, 1 ,1256073
https://wf.lianjia.com/chengjiao/ba156ea312/, 180 ,1256253
https://wf.lianjia.com/chengjiao/ba78ea156/, 2985 ,1259238
https://wf.lianjia.com/chengjiao/ba0ea78/, 864 ,1260102
https://nt.lianjia.com/chengjiao/ba312ea625/, 12 ,1260114
https://nt.lianjia.com/chengjiao/ba156ea312/, 396 ,1260510
https://nt.lianjia.com/chengjiao/ba39ea78/, 2911 ,1263421
https://nt.lianjia.com/chengjiao/ba0ea39/, 96 ,1263517
https://nt.lianjia.com/chengjiao/ba97ea117/, 2231 ,1265748
https://nt.lianjia.com/chengjiao/ba117ea156/, 2753 ,1268501
https://nt.lianjia.com/chengjiao/ba78ea87/, 1060 ,1269561
https://nt.lianjia.com/chengjiao/ba87ea97/, 2305 ,1271866
https://cc.lianjia.com/chengjiao/ba312ea625/, 19 ,1271885
https://cc.lianjia.com/chengjiao/ba156ea312/, 435 ,1272320
https://cc.lianjia.com/chengjiao/ba117ea156/, 1701 ,1274021
https://cc.lianjia.com/chengjiao/ba97ea117/, 1918 ,1275939
https://cc.lianjia.com/chengjiao/ba39ea58/, 2560 ,1278499
https://cc.lianjia.com/chengjiao/ba58ea68/, 1696 ,1280195
https://cc.lianjia.com/chengjiao/ba68ea78/, 1483 ,1281678
https://cc.lianjia.com/chengjiao/ba87ea97/, 2410 ,1284088
https://cc.lianjia.com/chengjiao/ba78ea87/, 1501 ,1285589
https://cc.lianjia.com/chengjiao/ba0ea39/, 337 ,1285926
https://yinchuan.lianjia.com/chengjiao/ba312ea625/, 4 ,1285930
https://yinchuan.lianjia.com/chengjiao/ba0ea78/, 1133 ,1287063
https://yinchuan.lianjia.com/chengjiao/ba156ea312/, 216 ,1287279
https://yinchuan.lianjia.com/chengjiao/ba117ea156/, 1633 ,1288912
https://yinchuan.lianjia.com/chengjiao/ba78ea97/, 2164 ,1291076
https://yinchuan.lianjia.com/chengjiao/ba97ea117/, 1461 ,1292537
https://bj.lianjia.com/chengjiao/ba2500ea5000/, 2 ,2
https://bj.lianjia.com/chengjiao/ba1250ea2500/, 5 ,7
https://bj.lianjia.com/chengjiao/ba625ea1250/, 51 ,58
https://mas.lianjia.com/chengjiao/ba312ea625/, 2 ,60
https://mas.lianjia.com/chengjiao/ba0ea78/, 1141 ,1201
https://mas.lianjia.com/chengjiao/ba78ea156/, 2764 ,3965
https://hf.lianjia.com/chengjiao/ba625ea1250/, 5 ,5
https://mas.lianjia.com/chengjiao/ba78ea156/, 2764 ,2769
https://mas.lianjia.com/chengjiao/ba0ea78/, 1141 ,3910
https://hf.lianjia.com/chengjiao/ba312ea625/, 58 ,3968
https://hf.lianjia.com/chengjiao/ba156ea312/, 700 ,4668
https://hf.lianjia.com/chengjiao/ba107ea117/, 1930 ,6598
https://hf.lianjia.com/chengjiao/ba0ea39/, 1156 ,7754
https://hf.lianjia.com/chengjiao/ba117ea136/, 2468 ,10222
https://hf.lianjia.com/chengjiao/ba136ea156/, 1085 ,11307
https://hf.lianjia.com/chengjiao/ba92ea97/, 2845 ,14152
https://hf.lianjia.com/chengjiao/ba102ea107/, 1181 ,15333
https://hf.lianjia.com/chengjiao/ba97ea102/, 1873 ,17206
https://hf.lianjia.com/chengjiao/ba89ea92/, 2777 ,19983
https://hf.lianjia.com/chengjiao/ba87ea89/, 2207 ,22190
https://hf.lianjia.com/chengjiao/ba78ea82/, 1777 ,23967
https://hf.lianjia.com/chengjiao/ba84ea87/, 2213 ,26180
https://hf.lianjia.com/chengjiao/ba82ea84/, 1175 ,27355
https://hf.lianjia.com/chengjiao/ba58ea68/, 2450 ,29805
https://hf.lianjia.com/chengjiao/ba68ea78/, 2666 ,32471
https://hf.lianjia.com/chengjiao/ba48ea58/, 2224 ,34695
https://hf.lianjia.com/chengjiao/ba39ea48/, 1654 ,36349
https://mas.lianjia.com/chengjiao/ba156ea312/, 69 ,36418
https://mas.lianjia.com/chengjiao/ba312ea625/, 2 ,36420
https://bj.lianjia.com/chengjiao/ba1250ea2500/, 5 ,5
https://bj.lianjia.com/chengjiao/ba625ea1250/, 51 ,56
https://bj.lianjia.com/chengjiao/ba2500ea5000/, 2 ,58
https://bj.lianjia.com/chengjiao/ba312ea625/, 2142 ,2200
https://bj.lianjia.com/chengjiao/ba204ea214/, 2726 ,4926
https://bj.lianjia.com/chengjiao/ba214ea224/, 2383 ,7309
https://bj.lianjia.com/chengjiao/ba273ea312/, 2128 ,9437
https://bj.lianjia.com/chengjiao/ba195ea199/, 1484 ,10921
https://bj.lianjia.com/chengjiao/ba234ea253/, 2346 ,13267
https://bj.lianjia.com/chengjiao/ba180ea185/, 2582 ,15849
https://bj.lianjia.com/chengjiao/ba253ea273/, 1782 ,17631
https://bj.lianjia.com/chengjiao/ba224ea234/, 1824 ,19455
https://bj.lianjia.com/chengjiao/ba190ea195/, 2057 ,21512
https://bj.lianjia.com/chengjiao/ba185ea190/, 2335 ,23847
https://bj.lianjia.com/chengjiao/ba158ea160/, 2381 ,26228
https://bj.lianjia.com/chengjiao/ba151ea153/, 2825 ,29053
https://bj.lianjia.com/chengjiao/ba146ea147/, 1609 ,30662
https://bj.lianjia.com/chengjiao/ba199ea204/, 1731 ,32393
https://bj.lianjia.com/chengjiao/ba156ea158/, 2289 ,34682
https://bj.lianjia.com/chengjiao/ba154ea156/, 2282 ,36964
https://bj.lianjia.com/chengjiao/ba153ea154/, 1398 ,38362
https://bj.lianjia.com/chengjiao/ba143ea144/, 2031 ,40393
https://bj.lianjia.com/chengjiao/ba145ea146/, 1723 ,42116
https://bj.lianjia.com/chengjiao/ba132ea133/, 2438 ,44554
https://bj.lianjia.com/chengjiao/ba147ea148/, 2001 ,46555
https://bj.lianjia.com/chengjiao/ba144ea145/, 2153 ,48708
